 Tev(Myr)    type      Mo        Mt      log10(L)  log10(R) log10(Teff)  Mc        Menv              epoch      spin                                  
    0.0000    1.0000   25.0000   25.0000    4.8829    0.8386    4.5647    0.0000  1.0000E-10      0.0000  1.3388E+03
    0.3419    1.0000   24.9702   24.9702    4.8937    0.8502    4.5616    0.0000  1.0000E-10      0.0000  1.2962E+03
    0.6841    1.0000   24.9388   24.9388    4.9052    0.8619    4.5586    0.0000  1.0000E-10     -0.0004  1.2534E+03
    1.0268    1.0000   24.9056   24.9056    4.9174    0.8738    4.5557    0.0000  1.0000E-10     -0.0013  1.2100E+03
    1.3699    1.0000   24.8704   24.8704    4.9303    0.8861    4.5528    0.0000  1.0000E-10     -0.0027  1.1656E+03
    1.7135    1.0000   24.8330   24.8330    4.9438    0.8988    4.5498    0.0000  1.0000E-10     -0.0047  1.1201E+03
    2.0576    1.0000   24.7932   24.7932    4.9579    0.9122    4.5467    0.0000  1.0000E-10     -0.0074  1.0730E+03
    2.4022    1.0000   24.7506   24.7506    4.9727    0.9263    4.5433    0.0000  1.0000E-10     -0.0109  1.0242E+03
    2.7474    1.0000   24.7049   24.7049    4.9881    0.9413    4.5397    0.0000  1.0000E-10     -0.0153  9.7358E+02
    3.0933    1.0000   24.6557   24.6557    5.0041    0.9572    4.5357    0.0000  1.0000E-10     -0.0207  9.2083E+02
    3.4398    1.0000   24.6026   24.6026    5.0207    0.9743    4.5313    0.0000  1.0000E-10     -0.0273  8.6587E+02
    3.7870    1.0000   24.5450   24.5450    5.0379    0.9928    4.5263    0.0000  1.0000E-10     -0.0353  8.0852E+02
    4.1351    1.0000   24.4823   24.4823    5.0556    1.0130    4.5207    0.0000  1.0000E-10     -0.0450  7.4858E+02
    4.4840    1.0000   24.4136   24.4136    5.0739    1.0352    4.5141    0.0000  1.0000E-10     -0.0566  6.8574E+02
    4.8339    1.0000   24.3380   24.3380    5.0926    1.0602    4.5063    0.0000  1.0000E-10     -0.0706  6.1953E+02
    5.1849    1.0000   24.2543   24.2543    5.1117    1.0890    4.4967    0.0000  1.0000E-10     -0.0875  5.4932E+02
    5.5371    1.0000   24.1607   24.1607    5.1312    1.1233    4.4844    0.0000  1.0000E-10     -0.1078  4.7437E+02
    5.8661    1.0000   24.0622   24.0622    5.1496    1.1624    4.4695    0.0000  1.0000E-10     -0.1310  3.9974E+02
    6.1321    1.0000   23.9720   23.9720    5.1645    1.2011    4.4539    0.0000  1.0000E-10     -0.1537  3.3611E+02
    6.3524    1.0000   23.8883   23.8883    5.1767    1.2394    4.4377    0.0000  1.0000E-10     -0.1759  2.8176E+02
    6.5394    1.0000   23.8093   23.8093    5.1869    1.2777    4.4211    0.0000  1.0000E-10     -0.1978  2.3525E+02
    6.7016    1.0000   23.7336   23.7336    5.1956    1.3160    4.4042    0.0000  1.0000E-10     -0.2195  1.9543E+02
    6.9797    1.0000   23.5907   23.5907    5.2571    1.2831    4.4360    0.0000  1.0000E-10     -0.2622  1.9286E+02
    6.9814    1.0000   23.5897   23.5897    5.2595    1.2753    4.4405    0.0000  1.0000E-10     -0.2625  1.9769E+02
    6.9814    2.0000   23.5897   23.5897    5.2595    1.2684    4.4439    6.8611  1.0000E-10     -0.2625  2.8397E+02
    6.9817    2.0000   23.5897   23.5893    5.2599    1.3095    4.4235    6.8647  1.0000E-10     -0.2625  2.4819E+02
    6.9820    2.0000   23.5897   23.5890    5.2603    1.3505    4.4031    6.8683  1.0000E-10     -0.2625  2.1608E+02
    6.9823    2.0000   23.5897   23.5887    5.2607    1.3915    4.3827    6.8719  1.0000E-10     -0.2625  1.8743E+02
    6.9826    2.0000   23.5897   23.5883    5.2612    1.4326    4.3623    6.8755  1.0000E-10     -0.2625  1.6201E+02
    6.9829    2.0000   23.5897   23.5880    5.2616    1.4736    4.3419    6.8791  1.0000E-10     -0.2625  1.3958E+02
    6.9832    2.0000   23.5897   23.5876    5.2620    1.5147    4.3214    6.8827  1.0000E-10     -0.2625  1.1989E+02
    6.9835    2.0000   23.5897   23.5873    5.2624    1.5557    4.3010    6.8863  1.0000E-10     -0.2625  1.0269E+02
    6.9838    2.0000   23.5897   23.5869    5.2628    1.5967    4.2806    6.8900  1.0000E-10     -0.2625  8.7723E+01
    6.9840    2.0000   23.5897   23.5866    5.2632    1.6378    4.2602    6.8936  1.0000E-10     -0.2625  7.4763E+01
    6.9843    2.0000   23.5897   23.5862    5.2637    1.6788    4.2398    6.8972  1.0000E-10     -0.2625  6.3579E+01
    6.9846    2.0000   23.5897   23.5859    5.2641    1.7199    4.2194    6.9008  1.0000E-10     -0.2625  5.3961E+01
    6.9849    2.0000   23.5897   23.5855    5.2645    1.7609    4.1990    6.9044  1.0000E-10     -0.2625  4.5714E+01
    6.9852    2.0000   23.5897   23.5851    5.2649    1.8019    4.1785    6.9080  1.0000E-10     -0.2625  3.8663E+01
    6.9855    2.0000   23.5897   23.5846    5.2653    1.8430    4.1581    6.9116  1.0000E-10     -0.2625  3.2650E+01
    6.9858    2.0000   23.5897   23.5841    5.2658    1.8840    4.1377    6.9152  1.0000E-10     -0.2625  2.7536E+01
    6.9861    2.0000   23.5897   23.5836    5.2662    1.9250    4.1173    6.9188  1.0000E-10     -0.2625  2.3193E+01
    6.9864    2.0000   23.5897   23.5830    5.2666    1.9661    4.0969    6.9225  1.0000E-10     -0.2625  1.9514E+01
    6.9867    2.0000   23.5897   23.5824    5.2670    2.0071    4.0765    6.9261  1.0000E-10     -0.2625  1.6402E+01
    6.9870    2.0000   23.5897   23.5817    5.2674    2.0482    4.0560    6.9297  1.0000E-10     -0.2625  1.3773E+01
    6.9873    2.0000   23.5897   23.5810    5.2679    2.0892    4.0356    6.9333  1.0000E-10     -0.2625  1.1556E+01
    6.9876    2.0000   23.5897   23.5802    5.2683    2.1302    4.0152    6.9369  1.0000E-10     -0.2625  9.6885E+00
    6.9879    2.0000   23.5897   23.5793    5.2687    2.1713    3.9948    6.9405  1.0000E-10     -0.2625  8.1169E+00
    6.9882    2.0000   23.5897   23.5784    5.2691    2.2123    3.9744    6.9441  1.0000E-10     -0.2625  6.7958E+00
    6.9885    2.0000   23.5897   23.5774    5.2695    2.2534    3.9540    6.9477  1.0000E-10     -0.2625  5.6862E+00
    6.9888    2.0000   23.5897   23.5764    5.2700    2.2944    3.9336    6.9513  1.0000E-10     -0.2625  4.7551E+00
    6.9891    2.0000   23.5897   23.5752    5.2704    2.3354    3.9131    6.9550  1.0000E-10     -0.2625  3.9742E+00
    6.9894    2.0000   23.5897   23.5739    5.2708    2.3765    3.8927    6.9586  1.0000E-10     -0.2625  3.3198E+00
    6.9896    2.0000   23.5897   23.5726    5.2712    2.4175    3.8723    6.9622  1.0000E-10     -0.2625  2.7717E+00
    6.9899    2.0000   23.5897   23.5711    5.2716    2.4586    3.8519    6.9658  1.0000E-10     -0.2625  2.3129E+00
    6.9902    2.0000   23.5897   23.5695    5.2721    2.4996    3.8315    6.9694  1.0000E-10     -0.2625  1.9291E+00
    6.9905    2.0000   23.5897   23.5678    5.2725    2.5406    3.8111    6.9730  1.0000E-10     -0.2625  1.6081E+00
    6.9908    2.0000   23.5897   23.5660    5.2729    2.5817    3.7907    6.9766  1.0000E-10     -0.2625  1.3399E+00
    6.9911    2.0000   23.5897   23.5640    5.2733    2.6227    3.7702    6.9802  1.0000E-10     -0.2625  1.1158E+00
    6.9914    2.0000   23.5897   23.5618    5.2737    2.6637    3.7498    6.9838  1.0000E-10     -0.2625  9.2867E-01
    6.9917    2.0000   23.5897   23.5595    5.2742    2.7048    3.7294    6.9875  1.0000E-10     -0.2625  7.7248E-01
    6.9920    2.0000   23.5897   23.5570    5.2746    2.7458    3.7090    6.9911  1.0000E-10     -0.2625  6.4216E-01
    6.9923    2.0000   23.5897   23.5542    5.2750    2.7869    3.6886    6.9947  1.0000E-10     -0.2625  5.3349E-01
    6.9926    4.0000   23.5897   23.5513    5.2754    2.8279    3.6682    6.9983  1.0000E-10     -0.2625  4.4293E-01
    6.9939    4.0000   23.5897   23.5374    5.2756    2.8462    3.6591    7.0014  1.0000E-10     -0.2625  3.9485E-01
    6.9944    4.0000   23.5897   23.5312    5.2757    2.8823    3.6410    7.0028  1.0097E-05     -0.2625  3.3161E-01
    6.9948    4.0000   23.5897   23.5272    5.2757    2.9173    3.6236    7.0036  2.4547E-02     -0.2625  2.5220E-01
    6.9950    4.0000   23.5897   23.5237    5.2757    2.9556    3.6044    7.0043  5.6933E-01     -0.2625  1.3205E-01
    6.9953    4.0000   23.5897   23.5204    5.2758    2.9965    3.5840    7.0048  4.4864E+00     -0.2625  5.2320E-02
    7.0031    4.0000   23.5897   23.4040    5.2767    3.0261    3.5694    7.0240  1.2966E+01     -0.2625  2.5429E-02
    7.0110    4.0000   23.5897   23.2807    5.2777    3.0277    3.5688    7.0432  1.2792E+01     -0.2625  2.4163E-02
    7.0189    4.0000   23.5897   23.1568    5.2787    3.0294    3.5683    7.0623  1.2619E+01     -0.2625  2.2941E-02
    7.0267    4.0000   23.5897   23.0322    5.2797    3.0310    3.5677    7.0815  1.2445E+01     -0.2625  2.1762E-02
    7.0346    4.0000   23.5897   22.9070    5.2806    3.0327    3.5671    7.1007  1.2271E+01     -0.2625  2.0626E-02
    7.0424    4.0000   23.5897   22.7812    5.2816    3.0343    3.5665    7.1199  1.2097E+01     -0.2625  1.9531E-02
    7.0503    4.0000   23.5897   22.6548    5.2826    3.0360    3.5659    7.1390  1.1923E+01     -0.2625  1.8478E-02
    7.0581    4.0000   23.5897   22.5277    5.2836    3.0377    3.5653    7.1582  1.1749E+01     -0.2625  1.7464E-02
    7.0660    4.0000   23.5897   22.4000    5.2846    3.0394    3.5647    7.1774  1.1574E+01     -0.2625  1.6491E-02
    7.0739    4.0000   23.5897   22.2717    5.2855    3.0411    3.5641    7.1965  1.1399E+01     -0.2625  1.5557E-02
    7.0817    4.0000   23.5897   22.1427    5.2865    3.0428    3.5635    7.2157  1.1224E+01     -0.2625  1.4661E-02
    7.0896    4.0000   23.5897   22.0130    5.2875    3.0445    3.5629    7.2349  1.1049E+01     -0.2625  1.3802E-02
    7.0974    4.0000   23.5897   21.8827    5.2885    3.0462    3.5623    7.2541  1.0874E+01     -0.2625  1.2981E-02
    7.1053    4.0000   23.5897   21.7518    5.2894    3.0480    3.5616    7.2732  1.0699E+01     -0.2625  1.2195E-02
    7.1132    4.0000   23.5897   21.6201    5.2904    3.0497    3.5610    7.2924  1.0523E+01     -0.2625  1.1444E-02
    7.1210    4.0000   23.5897   21.4878    5.2914    3.0515    3.5604    7.3116  1.0348E+01     -0.2625  1.0728E-02
    7.1289    4.0000   23.5897   21.3548    5.2924    3.0532    3.5597    7.3307  1.0172E+01     -0.2625  1.0045E-02
    7.1367    4.0000   23.5897   21.2212    5.2934    3.0550    3.5591    7.3499  9.9962E+00     -0.2625  9.3944E-03
    7.1446    4.0000   23.5897   21.0868    5.2943    3.0568    3.5584    7.3691  9.8204E+00     -0.2625  8.7755E-03
    7.1524    4.0000   23.5897   20.9518    5.2953    3.0586    3.5578    7.3883  9.6445E+00     -0.2625  8.1874E-03
    7.1603    4.0000   23.5897   20.8161    5.2963    3.0604    3.5571    7.4074  9.4687E+00     -0.2625  7.6291E-03
    7.1682    4.0000   23.5897   20.6796    5.2973    3.0622    3.5565    7.4266  9.2928E+00     -0.2625  7.0997E-03
    7.1760    4.0000   23.5897   20.5425    5.2982    3.0641    3.5558    7.4458  9.1169E+00     -0.2625  6.5983E-03
    7.1839    4.0000   23.5897   20.4047    5.2992    3.0659    3.5551    7.4649  8.9411E+00     -0.2625  6.1239E-03
    7.1917    4.0000   23.5897   20.2661    5.3002    3.0678    3.5544    7.4841  8.7653E+00     -0.2625  5.6758E-03
    7.1996    4.0000   23.5897   20.1269    5.3012    3.0696    3.5538    7.5033  8.5895E+00     -0.2625  5.2528E-03
    7.2075    4.0000   23.5897   19.9869    5.3022    3.0715    3.5531    7.5225  8.4139E+00     -0.2625  4.8543E-03
    7.2153    4.0000   23.5897   19.8462    5.3031    3.0734    3.5524    7.5416  8.2384E+00     -0.2625  4.4791E-03
    7.2232    4.0000   23.5897   19.7047    5.3041    3.0753    3.5517    7.5608  8.0630E+00     -0.2625  4.1265E-03
    7.2310    4.0000   23.5897   19.5626    5.3051    3.0772    3.5509    7.5800  7.8877E+00     -0.2625  3.7954E-03
    7.2389    4.0000   23.5897   19.4196    5.3061    3.0791    3.5502    7.5991  7.7126E+00     -0.2625  3.4852E-03
    7.2468    4.0000   23.5897   19.2760    5.3070    3.0811    3.5495    7.6183  7.5378E+00     -0.2625  3.1947E-03
    7.2546    4.0000   23.5897   19.1316    5.3080    3.0830    3.5488    7.6375  7.3631E+00     -0.2625  2.9233E-03
    7.2625    4.0000   23.5897   18.9864    5.3090    3.0850    3.5480    7.6567  7.1888E+00     -0.2625  2.6700E-03
    7.2703    4.0000   23.5897   18.8405    5.3100    3.0869    3.5473    7.6758  7.0147E+00     -0.2625  2.4340E-03
    7.2782    4.0000   23.5897   18.6938    5.3110    3.0889    3.5466    7.6950  6.8409E+00     -0.2625  2.2145E-03
    7.2860    4.0000   23.5897   18.5463    5.3119    3.0909    3.5458    7.7142  6.6675E+00     -0.2625  2.0107E-03
    7.2939    4.0000   23.5897   18.3981    5.3129    3.0929    3.5450    7.7333  6.4945E+00     -0.2625  1.8217E-03
    7.3018    4.0000   23.5897   18.2491    5.3139    3.0949    3.5443    7.7525  6.3220E+00     -0.2625  1.6469E-03
    7.3096    4.0000   23.5897   18.0993    5.3149    3.0970    3.5435    7.7717  6.1499E+00     -0.2625  1.4854E-03
    7.3175    4.0000   23.5897   17.9487    5.3158    3.0990    3.5427    7.7908  5.9783E+00     -0.2625  1.3365E-03
    7.3253    4.0000   23.5897   17.7973    5.3168    3.1011    3.5419    7.8100  5.8072E+00     -0.2625  1.1996E-03
    7.3332    4.0000   23.5897   17.6451    5.3178    3.1031    3.5411    7.8292  5.6368E+00     -0.2625  1.0739E-03
    7.3411    4.0000   23.5897   17.4921    5.3188    3.1052    3.5403    7.8484  5.4670E+00     -0.2625  9.5871E-04
    7.3489    4.0000   23.5897   17.3383    5.3197    3.1073    3.5395    7.8675  5.2978E+00     -0.2625  8.5346E-04
    7.3568    4.0000   23.5897   17.1836    5.3207    3.1094    3.5387    7.8867  5.1295E+00     -0.2625  7.5748E-04
    7.3646    4.0000   23.5897   17.0282    5.3217    3.1116    3.5379    7.9059  4.9619E+00     -0.2625  6.7019E-04
    7.3725    4.0000   23.5897   16.8719    5.3227    3.1137    3.5371    7.9250  4.7951E+00     -0.2625  5.9100E-04
    7.3803    4.0000   23.5897   16.7148    5.3237    3.1158    3.5363    7.9442  4.6293E+00     -0.2625  5.1935E-04
    7.3882    4.0000   23.5897   16.5569    5.3246    3.1180    3.5354    7.9634  4.4645E+00     -0.2625  4.5471E-04
    7.3961    4.0000   23.5897   16.3981    5.3256    3.1202    3.5346    7.9826  4.3007E+00     -0.2625  3.9657E-04
    7.4039    4.0000   23.5897   16.2385    5.3266    3.1224    3.5337    8.0017  4.1380E+00     -0.2625  3.4444E-04
    7.4118    4.0000   23.5897   16.0780    5.3276    3.1246    3.5329    8.0209  3.9765E+00     -0.2625  2.9786E-04
    7.4196    4.0000   23.5897   15.9172    5.3285    3.1268    3.5320    8.0400  3.8167E+00     -0.2625  2.5653E-04
    7.4273    4.0000   23.5897   15.7581    5.3295    3.1289    3.5312    8.0588  3.6607E+00     -0.2625  2.2041E-04
    7.4349    4.0000   23.5897   15.6005    5.3304    3.1311    3.5303    8.0774  3.5084E+00     -0.2625  1.8891E-04
    7.4424    4.0000   23.5897   15.4445    5.3314    3.1332    3.5295    8.0956  3.3598E+00     -0.2625  1.6150E-04
    7.4498    4.0000   23.5897   15.2900    5.3323    3.1353    3.5287    8.1136  3.2148E+00     -0.2625  1.3768E-04
    7.4570    4.0000   23.5897   15.1371    5.3332    3.1374    3.5279    8.1313  3.0734E+00     -0.2625  1.1703E-04
    7.4642    4.0000   23.5897   14.9858    5.3341    3.1395    3.5270    8.1488  2.9356E+00     -0.2625  9.9181E-05
    7.4712    4.0000   23.5897   14.8359    5.3350    3.1415    3.5262    8.1659  2.8014E+00     -0.2625  8.3778E-05
    7.4782    4.0000   23.5897   14.6875    5.3358    3.1435    3.5255    8.1829  2.6706E+00     -0.2625  7.0523E-05
    7.4850    4.0000   23.5897   14.5407    5.3367    3.1455    3.5247    8.1996  2.5434E+00     -0.2625  5.9148E-05
    7.4918    4.0000   23.5897   14.3953    5.3375    3.1475    3.5239    8.2160  2.4197E+00     -0.2625  4.9414E-05
    7.4984    4.0000   23.5897   14.2513    5.3383    3.1494    3.5231    8.2322  2.2994E+00     -0.2625  4.1112E-05
    7.5050    4.0000   23.5897   14.1088    5.3392    3.1513    3.5224    8.2482  2.1825E+00     -0.2625  3.4053E-05
    7.5114    4.0000   23.5897   13.9677    5.3400    3.1532    3.5217    8.2640  2.0690E+00     -0.2625  2.8072E-05
    7.5178    4.0000   23.5897   13.8280    5.3408    3.1551    3.5209    8.2795  1.9589E+00     -0.2625  2.3025E-05
    7.5241    4.0000   23.5897   13.6898    5.3415    3.1569    3.5202    8.2948  1.8522E+00     -0.2625  1.8783E-05
    7.5303    4.0000   23.5897   13.5529    5.3423    3.1587    3.5195    8.3099  1.7488E+00     -0.2625  1.5233E-05
    7.5364    4.0000   23.5897   13.4173    5.3431    3.1605    3.5188    8.3248  1.6486E+00     -0.2625  1.2277E-05
    7.5424    4.0000   23.5897   13.2832    5.3438    3.1622    3.5181    8.3395  1.5518E+00     -0.2625  9.8278E-06
    7.5483    4.0000   23.5897   13.1503    5.3446    3.1639    3.5175    8.3540  1.4582E+00     -0.2625  7.8098E-06
    7.5542    4.0000   23.5897   13.0188    5.3453    3.1656    3.5168    8.3683  1.3678E+00     -0.2625  6.1571E-06
    7.5600    4.0000   23.5897   12.8886    5.3460    3.1672    3.5162    8.3824  1.2807E+00     -0.2625  4.8125E-06
    7.5657    4.0000   23.5897   12.7597    5.3467    3.1688    3.5155    8.3963  1.1967E+00     -0.2625  3.7265E-06
    7.5713    4.0000   23.5897   12.6321    5.3474    3.1704    3.5149    8.4100  1.1159E+00     -0.2625  2.8562E-06
    7.5768    4.0000   23.5897   12.5058    5.3481    3.1719    3.5144    8.4235  1.0382E+00     -0.2625  2.1648E-06
    7.5823    4.0000   23.5897   12.3808    5.3488    3.1734    3.5138    8.4369  9.6367E-01     -0.2625  1.6207E-06
    7.5877    4.0000   23.5897   12.2570    5.3495    3.1748    3.5132    8.4501  8.9219E-01     -0.2625  1.1970E-06
    7.5930    4.0000   23.5897   12.1344    5.3501    3.1762    3.5127    8.4631  8.2376E-01     -0.2625  8.7092E-07
    7.5983    4.0000   23.5897   12.0130    5.3508    3.1775    3.5122    8.4759  7.5837E-01     -0.2625  6.2318E-07
    7.6035    4.0000   23.5897   11.8929    5.3514    3.1788    3.5117    8.4886  6.9599E-01     -0.2625  4.3769E-07
    7.6086    4.0000   23.5897   11.7740    5.3521    3.1801    3.5113    8.5011  6.3659E-01     -0.2625  3.0105E-07
    7.6137    4.0000   23.5897   11.6562    5.3527    3.1812    3.5108    8.5135  5.8014E-01     -0.2625  2.0223E-07
    7.6187    4.0000   23.5897   11.5397    5.3533    3.1824    3.5104    8.5257  5.2662E-01     -0.2625  1.3226E-07
    7.6237    4.0000   23.5897   11.4243    5.3539    3.1834    3.5100    8.5378  4.7599E-01     -0.2625  8.3879E-08
    7.6285    4.0000   23.5897   11.3100    5.3545    3.1844    3.5097    8.5497  4.2822E-01     -0.2625  5.1344E-08
    7.6334    4.0000   23.5897   11.1969    5.3551    3.1853    3.5094    8.5615  3.8328E-01     -0.2625  3.0156E-08
    7.6381    4.0000   23.5897   11.0850    5.3557    3.1862    3.5091    8.5731  3.4114E-01     -0.2625  1.6869E-08
    7.6429    4.0000   23.5897   10.9741    5.3563    3.1869    3.5089    8.5846  3.0176E-01     -0.2625  8.9025E-09
    7.6475    4.0000   23.5897   10.8644    5.3569    3.1876    3.5087    8.5960  2.6510E-01     -0.2625  4.3768E-09
    7.6521    4.0000   23.5897   10.7557    5.3575    3.1882    3.5086    8.6072  2.3113E-01     -0.2625  1.9706E-09
    7.6567    4.0000   23.5897   10.6482    5.3580    3.1886    3.5085    8.6183  1.9979E-01     -0.2625  7.9296E-10
    7.6612    4.0000   23.5897   10.5417    5.3586    3.1889    3.5085    8.6293  1.7104E-01     -0.2625  2.7495E-10
    7.6656    4.0000   23.5897   10.4363    5.3591    3.1891    3.5085    8.6402  1.4484E-01     -0.2625  7.7373E-11
    7.6701    4.0000   23.5897   10.3319    5.3597    3.1891    3.5086    8.6510  1.2112E-01     -0.2625  1.5784E-11
    7.6744    4.0000   23.5897   10.2286    5.3602    3.1890    3.5088    8.6616  9.9832E-02     -0.2625  1.7566E-12
    7.6788    4.0000   23.5897   10.1263    5.3608    3.1886    3.5091    8.6722  8.0903E-02     -0.2625  6.9681E-16
    7.6830    4.0000   23.5897   10.0251    5.3613    3.1881    3.5096    8.6826  6.4264E-02     -0.2625  7.9820E-16
    7.6873    4.0000   23.5897    9.9248    5.3618    3.1872    3.5101    8.6930  4.9835E-02     -0.2625  9.2558E-16
    7.6915    4.0000   23.5897    9.8256    5.3624    3.1861    3.5108    8.7033  3.7528E-02     -0.2625  1.0887E-15
    7.6957    4.0000   23.5897    9.7273    5.3629    3.1845    3.5117    8.7135  2.7241E-02     -0.2625  1.3022E-15
    7.6998    4.0000   23.5897    9.6300    5.3634    3.1825    3.5129    8.7236  1.8863E-02     -0.2625  1.5891E-15
    7.7040    4.0000   23.5897    9.5337    5.3639    3.1798    3.5143    8.7337  1.2265E-02     -0.2625  1.9873E-15
    7.7081    4.0000   23.5897    9.4384    5.3644    3.1764    3.5162    8.7437  7.3014E-03     -0.2625  2.5618E-15
    7.7122    4.0000   23.5897    9.3440    5.3649    3.1718    3.5186    8.7537  3.8043E-03     -0.2625  3.4332E-15
    7.7163    4.0000   23.5897    9.2506    5.3654    3.1654    3.5219    8.7637  1.5809E-03     -0.2625  4.8435E-15
    7.7203    4.0000   23.5897    9.1581    5.3659    3.1557    3.5269    8.7736  4.0972E-04     -0.2625  7.3358E-15
    7.7245    4.0000   23.5897    9.0665    5.3664    3.1380    3.5359    8.7837  2.2312E-05     -0.2625  1.2276E-14
    7.7287    4.0000   23.5897    8.9758    5.3669    3.0885    3.5607    8.7940  1.0000E-10     -0.2625  2.4616E-14
    7.7333    4.0000   23.5897    8.8861    5.3666    2.6569    3.7765    8.8052  1.0000E-10     -0.2625  3.6216E-13
    7.7344    4.0000   23.5897    8.8733    5.3660    2.3478    3.9309    8.8080  1.0000E-10     -0.2625  1.6808E-12
    7.7351    4.0000   23.5897    8.8665    5.3652    2.0878    4.0607    8.8095  1.0000E-10     -0.2625  5.5309E-12
    7.7355    4.0000   23.5897    8.8614    5.3643    1.8356    4.1865    8.8106  1.0000E-10     -0.2625  1.5067E-11
    7.7359    4.0000   23.5897    8.8571    5.3630    1.5868    4.3106    8.8116  1.0000E-10     -0.2625  3.1090E-11
    7.7362    4.0000   23.5897    8.8534    5.3613    1.3401    4.4335    8.8124  1.0000E-10     -0.2625  4.6787E-11
    7.7365    4.0000   23.5897    8.8500    5.3590    1.0956    4.5552    8.8132  1.0000E-10     -0.2625  5.6356E-11
    7.7369    4.0000   23.5897    8.8466    5.3556    0.8541    4.6751    8.8139  1.0000E-10     -0.2625  6.0986E-11
    7.7372    4.0000   23.5897    8.8433    5.3502    0.6176    4.7920    8.8147  1.0000E-10     -0.2625  6.3212E-11
    7.7375    4.0000   23.5897    8.8396    5.3406    0.3895    4.9037    8.8155  1.0000E-10     -0.2625  6.4410E-11
    7.7379    4.0000   23.5897    8.8358    5.3232    0.1979    4.9951    8.8164  1.0000E-10     -0.2625  6.5093E-11
    7.7384    4.0000   23.5897    8.8308    5.2819    0.0348    5.0663    8.8177  1.0000E-10     -0.2625  6.5616E-11
    7.7397    7.0000    8.8199    8.8199    5.2210   -0.0447    5.0909    0.0000  8.8199E+00      7.0691  1.1217E-10
    7.7657    7.0000    8.7317    8.7317    5.2211   -0.0597    5.0984    0.0000  8.7317E+00      7.0642  1.2121E-10
    7.7747    7.0000    8.7011    8.7011    5.2212   -0.0657    5.1014    0.0000  8.7011E+00      7.0623  1.2500E-10
    7.7748    7.0000    8.7010    8.7010    5.2212   -0.0657    5.1014    0.0000  8.7010E+00      7.0623  1.2501E-10
    7.7748    8.0000    8.7010    8.7010    5.2212   -0.0657    5.1014    5.8650  1.0000E-10      7.0623  5.9647E-10
    7.7759    8.0000    8.7010    8.6972    5.2266   -0.0639    5.1019    5.8797  1.0000E-10      7.0623  5.9802E-10
    7.7770    8.0000    8.7010    8.6935    5.2321   -0.0620    5.1023    5.8945  1.0000E-10      7.0623  5.9958E-10
    7.7780    8.0000    8.7010    8.6897    5.2375   -0.0601    5.1027    5.9093  1.0000E-10      7.0623  6.0115E-10
    7.7791    8.0000    8.7010    8.6858    5.2430   -0.0582    5.1031    5.9242  1.0000E-10      7.0623  6.0274E-10
    7.7802    8.0000    8.7010    8.6820    5.2485   -0.0563    5.1035    5.9391  1.0000E-10      7.0623  6.0433E-10
    7.7812    8.0000    8.7010    8.6780    5.2539   -0.0543    5.1039    5.9541  1.0000E-10      7.0623  6.0593E-10
    7.7822    8.0000    8.7010    8.6741    5.2594   -0.0523    5.1043    5.9690  1.0000E-10      7.0623  6.0754E-10
    7.7833    8.0000    8.7010    8.6701    5.2648   -0.0503    5.1046    5.9841  1.0000E-10      7.0623  6.0916E-10
    7.7843    8.0000    8.7010    8.6661    5.2703   -0.0482    5.1050    5.9991  1.0000E-10      7.0623  6.1078E-10
    7.7853    8.0000    8.7010    8.6621    5.2757   -0.0461    5.1053    6.0142  1.0000E-10      7.0623  6.1240E-10
    7.7863    8.0000    8.7010    8.6580    5.2812   -0.0440    5.1056    6.0293  1.0000E-10      7.0623  6.1403E-10
    7.7873    8.0000    8.7010    8.6539    5.2866   -0.0418    5.1058    6.0445  1.0000E-10      7.0623  6.1565E-10
    7.7883    8.0000    8.7010    8.6497    5.2921   -0.0396    5.1061    6.0597  1.0000E-10      7.0623  6.1728E-10
    7.7892    8.0000    8.7010    8.6455    5.2976   -0.0373    5.1063    6.0750  1.0000E-10      7.0623  6.1891E-10
    7.7902    8.0000    8.7010    8.6413    5.3030   -0.0350    5.1065    6.0902  1.0000E-10      7.0623  6.2053E-10
    7.7911    8.0000    8.7010    8.6370    5.3085   -0.0327    5.1067    6.1056  1.0000E-10      7.0623  6.2214E-10
    7.7921    8.0000    8.7010    8.6327    5.3139   -0.0303    5.1069    6.1209  1.0000E-10      7.0623  6.2375E-10
    7.7930    8.0000    8.7010    8.6284    5.3194   -0.0278    5.1070    6.1363  1.0000E-10      7.0623  6.2535E-10
    7.7939    8.0000    8.7010    8.6240    5.3248   -0.0253    5.1071    6.1518  1.0000E-10      7.0623  6.2694E-10
    7.7948    8.0000    8.7010    8.6196    5.3303   -0.0228    5.1072    6.1672  1.0000E-10      7.0623  6.2851E-10
    7.7957    8.0000    8.7010    8.6151    5.3357   -0.0202    5.1073    6.1827  1.0000E-10      7.0623  6.3006E-10
    7.7966    8.0000    8.7010    8.6106    5.3412   -0.0175    5.1073    6.1983  1.0000E-10      7.0623  6.3160E-10
    7.7975    8.0000    8.7010    8.6061    5.3467   -0.0147    5.1073    6.2139  1.0000E-10      7.0623  6.3311E-10
    7.7984    8.0000    8.7010    8.6015    5.3521   -0.0119    5.1073    6.2295  1.0000E-10      7.0623  6.3459E-10
    7.7992    8.0000    8.7010    8.5969    5.3576   -0.0090    5.1072    6.2452  1.0000E-10      7.0623  6.3605E-10
    7.8001    8.0000    8.7010    8.5923    5.3630   -0.0061    5.1071    6.2609  1.0000E-10      7.0623  6.3747E-10
    7.8009    8.0000    8.7010    8.5876    5.3685   -0.0031    5.1069    6.2767  1.0000E-10      7.0623  6.3886E-10
    7.8018    8.0000    8.7010    8.5828    5.3739    0.0001    5.1067    6.2924  1.0000E-10      7.0623  6.4020E-10
    7.8026    8.0000    8.7010    8.5780    5.3794    0.0032    5.1065    6.3083  1.0000E-10      7.0623  6.4150E-10
    7.8034    8.0000    8.7010    8.5732    5.3849    0.0065    5.1062    6.3241  1.0000E-10      7.0623  6.4275E-10
    7.8043    8.0000    8.7010    8.5683    5.3903    0.0099    5.1059    6.3401  1.0000E-10      7.0623  6.4394E-10
    7.8051    8.0000    8.7010    8.5634    5.3958    0.0134    5.1055    6.3560  1.0000E-10      7.0623  6.4507E-10
    7.8059    8.0000    8.7010    8.5585    5.4012    0.0170    5.1051    6.3720  1.0000E-10      7.0623  6.4614E-10
    7.8060   14.0000    8.7010    5.7944  -10.0000   -4.6096    3.5681    5.7944  1.0000E-10      7.8060  2.0000E+08
    7.9060   14.0000    8.7010    5.7944  -10.0000   -4.6096    3.5681    5.7944  1.0000E-10      7.8060  2.0000E+08
    8.9060   14.0000    8.7010    5.7944  -10.0000   -4.6096    3.5681    5.7944  1.0000E-10      7.8060  2.0000E+08
   18.9060   14.0000    8.7010    5.7944  -10.0000   -4.6096    3.5681    5.7944  1.0000E-10      7.8060  2.0000E+08
  118.9060   14.0000    8.7010    5.7944  -10.0000   -4.6096    3.5681    5.7944  1.0000E-10      7.8060  2.0000E+08
  618.9061   14.0000    8.7010    5.7944  -10.0000   -4.6096    3.5681    5.7944  1.0000E-10      7.8060  2.0000E+08
 1118.9060   14.0000    8.7010    5.7944  -10.0000   -4.6096    3.5681    5.7944  1.0000E-10      7.8060  2.0000E+08
 1618.9060   14.0000    8.7010    5.7944  -10.0000   -4.6096    3.5681    5.7944  1.0000E-10      7.8060  2.0000E+08
 2118.9060   14.0000    8.7010    5.7944  -10.0000   -4.6096    3.5681    5.7944  1.0000E-10      7.8060  2.0000E+08
 2618.9060   14.0000    8.7010    5.7944  -10.0000   -4.6096    3.5681    5.7944  1.0000E-10      7.8060  2.0000E+08
 3118.9060   14.0000    8.7010    5.7944  -10.0000   -4.6096    3.5681    5.7944  1.0000E-10      7.8060  2.0000E+08
 3618.9060   14.0000    8.7010    5.7944  -10.0000   -4.6096    3.5681    5.7944  1.0000E-10      7.8060  2.0000E+08
 4118.9062   14.0000    8.7010    5.7944  -10.0000   -4.6096    3.5681    5.7944  1.0000E-10      7.8060  2.0000E+08
 4618.9062   14.0000    8.7010    5.7944  -10.0000   -4.6096    3.5681    5.7944  1.0000E-10      7.8060  2.0000E+08
 5118.9062   14.0000    8.7010    5.7944  -10.0000   -4.6096    3.5681    5.7944  1.0000E-10      7.8060  2.0000E+08
 5618.9062   14.0000    8.7010    5.7944  -10.0000   -4.6096    3.5681    5.7944  1.0000E-10      7.8060  2.0000E+08
 6118.9062   14.0000    8.7010    5.7944  -10.0000   -4.6096    3.5681    5.7944  1.0000E-10      7.8060  2.0000E+08
 6618.9062   14.0000    8.7010    5.7944  -10.0000   -4.6096    3.5681    5.7944  1.0000E-10      7.8060  2.0000E+08
 7118.9062   14.0000    8.7010    5.7944  -10.0000   -4.6096    3.5681    5.7944  1.0000E-10      7.8060  2.0000E+08
 7618.9062   14.0000    8.7010    5.7944  -10.0000   -4.6096    3.5681    5.7944  1.0000E-10      7.8060  2.0000E+08
 8118.9062   14.0000    8.7010    5.7944  -10.0000   -4.6096    3.5681    5.7944  1.0000E-10      7.8060  2.0000E+08
 8618.9062   14.0000    8.7010    5.7944  -10.0000   -4.6096    3.5681    5.7944  1.0000E-10      7.8060  2.0000E+08
 9118.9062   14.0000    8.7010    5.7944  -10.0000   -4.6096    3.5681    5.7944  1.0000E-10      7.8060  2.0000E+08
 9618.9062   14.0000    8.7010    5.7944  -10.0000   -4.6096    3.5681    5.7944  1.0000E-10      7.8060  2.0000E+08
10118.9062   14.0000    8.7010    5.7944  -10.0000   -4.6096    3.5681    5.7944  1.0000E-10      7.8060  2.0000E+08
10618.9062   14.0000    8.7010    5.7944  -10.0000   -4.6096    3.5681    5.7944  1.0000E-10      7.8060  2.0000E+08
11118.9062   14.0000    8.7010    5.7944  -10.0000   -4.6096    3.5681    5.7944  1.0000E-10      7.8060  2.0000E+08
11618.9062   14.0000    8.7010    5.7944  -10.0000   -4.6096    3.5681    5.7944  1.0000E-10      7.8060  2.0000E+08
12000.0000   14.0000    8.7010    5.7944  -10.0000   -4.6096    3.5681    5.7944  1.0000E-10      7.8060  2.0000E+08