 Tev(Myr)    type      Mo        Mt      log10(L)  log10(R) log10(Teff)  Mc        Menv              epoch      spin                                  
    0.0000    1.0000    0.8000    0.8000   -0.6265   -0.1371    3.6752    0.0000  5.5413E-02      0.0000  6.3554E+02
 1325.9136    1.0000    0.8000    0.8000   -0.6119   -0.1339    3.6773    0.0000  5.5413E-02      0.0000  5.2761E+02
 2651.8271    1.0000    0.8000    0.8000   -0.5962   -0.1307    3.6795    0.0000  5.5416E-02      0.0000  4.6443E+02
 3977.7407    1.0000    0.8000    0.8000   -0.5793   -0.1272    3.6821    0.0000  5.5435E-02      0.0000  4.2030E+02
 5303.6543    1.0000    0.8000    0.8000   -0.5612   -0.1236    3.6847    0.0000  5.5493E-02      0.0000  3.8673E+02
 6629.5679    1.0000    0.8000    0.8000   -0.5420   -0.1196    3.6876    0.0000  5.5627E-02      0.0000  3.5977E+02
 7955.4814    1.0000    0.8000    0.8000   -0.5216   -0.1153    3.6905    0.0000  5.5877E-02      0.0000  3.3727E+02
 9281.3955    1.0000    0.8000    0.8000   -0.5001   -0.1105    3.6935    0.0000  5.6290E-02      0.0000  3.1786E+02
10607.3086    1.0000    0.8000    0.8000   -0.4774   -0.1053    3.6965    0.0000  5.6905E-02      0.0000  3.0064E+02
11933.2227    1.0000    0.8000    0.8000   -0.4535   -0.0994    3.6996    0.0000  5.7763E-02      0.0000  2.8495E+02
13259.1357    1.0000    0.8000    0.8000   -0.4284   -0.0928    3.7025    0.0000  5.8896E-02      0.0000  2.7029E+02
14585.0498    1.0000    0.8000    0.8000   -0.4021   -0.0854    3.7054    0.0000  6.0335E-02      0.0000  2.5624E+02
15910.9629    1.0000    0.8000    0.8000   -0.3744   -0.0771    3.7082    0.0000  6.2117E-02      0.0000  2.4244E+02
17236.8770    1.0000    0.8000    0.8000   -0.3452   -0.0677    3.7108    0.0000  6.4289E-02      0.0000  2.2856E+02
18562.7910    1.0000    0.8000    0.8000   -0.3141   -0.0568    3.7131    0.0000  6.6926E-02      0.0000  2.1423E+02
19888.7031    1.0000    0.8000    0.8000   -0.2806   -0.0442    3.7152    0.0000  7.0153E-02      0.0000  1.9904E+02
21214.6172    1.0000    0.8000    0.8000   -0.2437   -0.0290    3.7168    0.0000  7.4187E-02      0.0000  1.8248E+02
22540.5312    1.0000    0.8000    0.8000   -0.2019   -0.0103    3.7180    0.0000  7.9419E-02      0.0000  1.6385E+02
23866.4453    1.0000    0.8000    0.8000   -0.1530    0.0135    3.7183    0.0000  8.6642E-02      0.0000  1.4223E+02
25192.3574    1.0000    0.8000    0.8000   -0.0934    0.0457    3.7171    0.0000  9.8250E-02      0.0000  1.1595E+02
26258.8965    1.0000    0.8000    0.8000   -0.0343    0.0843    3.7125    0.0000  1.1925E-01      0.0000  8.7730E+01
26518.2715    2.0000    0.8000    0.8000   -0.0180    0.0972    3.7102    0.0947  1.1418E-01      0.0000  8.9267E+01
26588.0566    2.0000    0.8000    0.8000   -0.0073    0.1054    3.7087    0.0968  1.2098E-01     -2.7421  8.4991E+01
26657.8496    2.0000    0.8000    0.8000    0.0033    0.1137    3.7073    0.0989  1.2813E-01     -5.6145  8.0840E+01
26727.6484    2.0000    0.7999    0.7999    0.0140    0.1219    3.7058    0.1010  1.3562E-01     -8.6232  7.6820E+01
26797.4570    2.0000    0.7999    0.7999    0.0246    0.1302    3.7044    0.1032  1.4347E-01    -11.7748  7.2936E+01
26867.2715    2.0000    0.7999    0.7999    0.0353    0.1384    3.7029    0.1053  1.5170E-01    -15.0761  6.9192E+01
26937.0957    2.0000    0.7999    0.7999    0.0460    0.1466    3.7014    0.1074  1.6032E-01    -18.5342  6.5590E+01
27006.9297    2.0000    0.7998    0.7998    0.0566    0.1549    3.7000    0.1096  1.6935E-01    -22.1566  6.2132E+01
27076.7734    2.0000    0.7998    0.7998    0.0673    0.1631    3.6985    0.1117  1.7879E-01    -25.9511  5.8818E+01
27146.6250    2.0000    0.7998    0.7998    0.0779    0.1713    3.6971    0.1138  1.8867E-01    -29.9259  5.5647E+01
27216.4883    2.0000    0.7997    0.7997    0.0886    0.1796    3.6956    0.1160  1.9901E-01    -34.0895  5.2618E+01
27286.3613    2.0000    0.7997    0.7997    0.0992    0.1878    3.6942    0.1181  2.0981E-01    -38.4511  4.9728E+01
27356.2461    2.0000    0.7997    0.7997    0.1099    0.1960    3.6927    0.1202  2.2109E-01    -43.0200  4.6975E+01
27426.1426    2.0000    0.7996    0.7996    0.1205    0.2042    3.6913    0.1223  2.3288E-01    -47.8062  4.4356E+01
27496.0508    2.0000    0.7996    0.7996    0.1312    0.2125    3.6898    0.1245  2.4519E-01    -52.8199  4.1866E+01
27565.9727    2.0000    0.7996    0.7996    0.1418    0.2207    3.6884    0.1266  2.5804E-01    -58.0723  3.9503E+01
27635.9062    2.0000    0.7995    0.7995    0.1525    0.2289    3.6869    0.1287  2.7144E-01    -63.5745  3.7261E+01
27705.8555    2.0000    0.7995    0.7995    0.1631    0.2372    3.6855    0.1309  2.8541E-01    -69.3386  3.5136E+01
27775.8184    2.0000    0.7994    0.7994    0.1738    0.2454    3.6840    0.1330  2.9999E-01    -75.3772  3.3125E+01
27845.7969    2.0000    0.7994    0.7994    0.1845    0.2536    3.6826    0.1351  3.1517E-01    -81.7034  3.1221E+01
27915.7910    2.0000    0.7993    0.7993    0.1951    0.2619    3.6811    0.1372  3.3099E-01    -88.3310  2.9422E+01
27916.0176    2.0000    0.7993    0.7993    0.1951    0.2619    3.6811    0.1373  3.3105E-01    -88.3534  2.9416E+01
27916.0195    3.0000    0.7993    0.7993    0.1951    0.2619    3.6811    0.1373  3.3105E-01    -88.3534  2.9416E+01
27927.0723    3.0000    0.7993    0.7993    0.2004    0.2645    3.6811    0.1375  3.3491E-01    -88.3534  2.9011E+01
27938.0117    3.0000    0.7993    0.7993    0.2056    0.2672    3.6811    0.1378  3.3879E-01    -88.3534  2.8612E+01
27948.8438    3.0000    0.7993    0.7993    0.2109    0.2699    3.6810    0.1381  3.4269E-01    -88.3534  2.8220E+01
27959.5664    3.0000    0.7993    0.7993    0.2161    0.2725    3.6810    0.1384  3.4661E-01    -88.3534  2.7833E+01
27970.1816    3.0000    0.7993    0.7993    0.2213    0.2752    3.6810    0.1386  3.5055E-01    -88.3534  2.7452E+01
27980.6914    3.0000    0.7993    0.7993    0.2266    0.2779    3.6810    0.1389  3.5450E-01    -88.3534  2.7077E+01
27991.0957    3.0000    0.7993    0.7993    0.2318    0.2806    3.6809    0.1392  3.5848E-01    -88.3534  2.6708E+01
28001.3965    3.0000    0.7993    0.7993    0.2370    0.2832    3.6809    0.1395  3.6247E-01    -88.3534  2.6344E+01
28011.5938    3.0000    0.7993    0.7993    0.2423    0.2859    3.6809    0.1398  3.6648E-01    -88.3534  2.5986E+01
28021.6895    3.0000    0.7993    0.7993    0.2475    0.2886    3.6809    0.1400  3.7051E-01    -88.3534  2.5632E+01
28031.6836    3.0000    0.7993    0.7993    0.2528    0.2913    3.6808    0.1403  3.7455E-01    -88.3534  2.5285E+01
28041.5781    3.0000    0.7993    0.7992    0.2580    0.2940    3.6808    0.1406  3.7861E-01    -88.3534  2.4942E+01
28051.3750    3.0000    0.7993    0.7992    0.2632    0.2966    3.6808    0.1409  3.8268E-01    -88.3534  2.4605E+01
28061.0723    3.0000    0.7993    0.7992    0.2685    0.2993    3.6807    0.1412  3.8677E-01    -88.3534  2.4272E+01
28070.6738    3.0000    0.7993    0.7992    0.2737    0.3020    3.6807    0.1415  3.9087E-01    -88.3534  2.3944E+01
28080.1777    3.0000    0.7993    0.7992    0.2789    0.3047    3.6807    0.1417  3.9498E-01    -88.3534  2.3622E+01
28089.5879    3.0000    0.7993    0.7992    0.2842    0.3074    3.6806    0.1420  3.9911E-01    -88.3534  2.3304E+01
28098.9023    3.0000    0.7993    0.7992    0.2894    0.3101    3.6806    0.1423  4.0325E-01    -88.3534  2.2990E+01
28108.1250    3.0000    0.7993    0.7992    0.2947    0.3128    3.6805    0.1426  4.0740E-01    -88.3534  2.2682E+01
28117.2559    3.0000    0.7993    0.7992    0.2999    0.3155    3.6805    0.1429  4.1156E-01    -88.3534  2.2378E+01
28126.2949    3.0000    0.7993    0.7992    0.3051    0.3182    3.6805    0.1432  4.1572E-01    -88.3534  2.2078E+01
28135.2422    3.0000    0.7993    0.7992    0.3104    0.3209    3.6804    0.1435  4.1990E-01    -88.3534  2.1783E+01
28144.1016    3.0000    0.7993    0.7991    0.3156    0.3236    3.6804    0.1437  4.2409E-01    -88.3534  2.1492E+01
28152.8730    3.0000    0.7993    0.7991    0.3209    0.3263    3.6803    0.1440  4.2828E-01    -88.3534  2.1205E+01
28161.5547    3.0000    0.7993    0.7991    0.3261    0.3290    3.6803    0.1443  4.3248E-01    -88.3534  2.0922E+01
28170.1504    3.0000    0.7993    0.7991    0.3313    0.3317    3.6803    0.1446  4.3668E-01    -88.3534  2.0644E+01
28178.6602    3.0000    0.7993    0.7991    0.3366    0.3344    3.6802    0.1449  4.4089E-01    -88.3534  2.0369E+01
28187.0859    3.0000    0.7993    0.7991    0.3418    0.3371    3.6802    0.1452  4.4510E-01    -88.3534  2.0098E+01
28195.4258    3.0000    0.7993    0.7991    0.3470    0.3398    3.6801    0.1455  4.4931E-01    -88.3534  1.9832E+01
28203.6836    3.0000    0.7993    0.7991    0.3523    0.3425    3.6801    0.1458  4.5352E-01    -88.3534  1.9569E+01
28211.8574    3.0000    0.7993    0.7991    0.3575    0.3453    3.6800    0.1461  4.5774E-01    -88.3534  1.9310E+01
28219.9512    3.0000    0.7993    0.7991    0.3628    0.3480    3.6800    0.1464  4.6195E-01    -88.3534  1.9055E+01
28227.9629    3.0000    0.7993    0.7990    0.3680    0.3507    3.6799    0.1467  4.6616E-01    -88.3534  1.8803E+01
28235.8945    3.0000    0.7993    0.7990    0.3732    0.3534    3.6799    0.1470  4.7036E-01    -88.3534  1.8555E+01
28243.7461    3.0000    0.7993    0.7990    0.3785    0.3561    3.6798    0.1473  4.7456E-01    -88.3534  1.8310E+01
28251.5215    3.0000    0.7993    0.7990    0.3837    0.3589    3.6798    0.1476  4.7876E-01    -88.3534  1.8069E+01
28259.2168    3.0000    0.7993    0.7990    0.3889    0.3616    3.6797    0.1479  4.8294E-01    -88.3534  1.7832E+01
28266.8359    3.0000    0.7993    0.7990    0.3942    0.3643    3.6797    0.1481  4.8712E-01    -88.3534  1.7597E+01
28274.3789    3.0000    0.7993    0.7990    0.3994    0.3671    3.6796    0.1484  4.9128E-01    -88.3534  1.7366E+01
28281.8477    3.0000    0.7993    0.7990    0.4047    0.3698    3.6795    0.1487  4.9544E-01    -88.3534  1.7139E+01
28289.2402    3.0000    0.7993    0.7990    0.4099    0.3725    3.6795    0.1490  4.9958E-01    -88.3534  1.6914E+01
28296.5586    3.0000    0.7993    0.7989    0.4151    0.3753    3.6794    0.1493  5.0370E-01    -88.3534  1.6693E+01
28303.8047    3.0000    0.7993    0.7989    0.4204    0.3780    3.6794    0.1496  5.0781E-01    -88.3534  1.6474E+01
28310.9785    3.0000    0.7993    0.7989    0.4256    0.3807    3.6793    0.1499  5.1190E-01    -88.3534  1.6259E+01
28318.0801    3.0000    0.7993    0.7989    0.4308    0.3835    3.6792    0.1502  5.1596E-01    -88.3534  1.6047E+01
28325.1113    3.0000    0.7993    0.7989    0.4361    0.3862    3.6792    0.1505  5.2001E-01    -88.3534  1.5838E+01
28332.0703    3.0000    0.7993    0.7989    0.4413    0.3890    3.6791    0.1509  5.2403E-01    -88.3534  1.5631E+01
28338.9609    3.0000    0.7993    0.7989    0.4466    0.3917    3.6791    0.1512  5.2802E-01    -88.3534  1.5428E+01
28345.7832    3.0000    0.7993    0.7989    0.4518    0.3945    3.6790    0.1515  5.3199E-01    -88.3534  1.5227E+01
28352.5371    3.0000    0.7993    0.7989    0.4570    0.3972    3.6789    0.1518  5.3592E-01    -88.3534  1.5030E+01
28359.2227    3.0000    0.7993    0.7988    0.4623    0.4000    3.6789    0.1521  5.3982E-01    -88.3534  1.4835E+01
28365.8418    3.0000    0.7993    0.7988    0.4675    0.4027    3.6788    0.1524  5.4369E-01    -88.3534  1.4642E+01
28372.3945    3.0000    0.7993    0.7988    0.4727    0.4055    3.6787    0.1527  5.4751E-01    -88.3534  1.4452E+01
28378.8828    3.0000    0.7993    0.7988    0.4780    0.4082    3.6786    0.1530  5.5130E-01    -88.3534  1.4265E+01
28385.3047    3.0000    0.7993    0.7988    0.4832    0.4110    3.6786    0.1533  5.5505E-01    -88.3534  1.4081E+01
28391.6641    3.0000    0.7993    0.7988    0.4885    0.4138    3.6785    0.1536  5.5875E-01    -88.3534  1.3899E+01
28397.9590    3.0000    0.7993    0.7988    0.4937    0.4165    3.6784    0.1539  5.6241E-01    -88.3534  1.3719E+01
28404.1895    3.0000    0.7993    0.7988    0.4989    0.4193    3.6784    0.1542  5.6601E-01    -88.3534  1.3542E+01
28410.3594    3.0000    0.7993    0.7987    0.5042    0.4221    3.6783    0.1545  5.6956E-01    -88.3534  1.3368E+01
28416.4668    3.0000    0.7993    0.7987    0.5094    0.4248    3.6782    0.1548  5.7306E-01    -88.3534  1.3195E+01
28422.5137    3.0000    0.7993    0.7987    0.5146    0.4276    3.6781    0.1552  5.7649E-01    -88.3534  1.3025E+01
28428.5000    3.0000    0.7993    0.7987    0.5199    0.4304    3.6780    0.1555  5.7987E-01    -88.3534  1.2858E+01
28434.4277    3.0000    0.7993    0.7987    0.5251    0.4332    3.6780    0.1558  5.8318E-01    -88.3534  1.2693E+01
28440.2949    3.0000    0.7993    0.7987    0.5304    0.4359    3.6779    0.1561  5.8642E-01    -88.3534  1.2529E+01
28446.1035    3.0000    0.7993    0.7987    0.5356    0.4387    3.6778    0.1564  5.8959E-01    -88.3534  1.2369E+01
28451.8535    3.0000    0.7993    0.7987    0.5408    0.4415    3.6777    0.1567  5.9269E-01    -88.3534  1.2210E+01
28457.5449    3.0000    0.7993    0.7986    0.5461    0.4443    3.6776    0.1570  5.9570E-01    -88.3534  1.2053E+01
28463.1816    3.0000    0.7993    0.7986    0.5513    0.4471    3.6776    0.1574  5.9864E-01    -88.3534  1.1899E+01
28468.7617    3.0000    0.7993    0.7986    0.5565    0.4499    3.6775    0.1577  6.0149E-01    -88.3534  1.1746E+01
28474.2852    3.0000    0.7993    0.7986    0.5618    0.4526    3.6774    0.1580  6.0425E-01    -88.3534  1.1596E+01
28479.7539    3.0000    0.7993    0.7986    0.5670    0.4554    3.6773    0.1583  6.0692E-01    -88.3534  1.1448E+01
28485.1680    3.0000    0.7993    0.7986    0.5723    0.4582    3.6772    0.1586  6.0949E-01    -88.3534  1.1302E+01
28490.5273    3.0000    0.7993    0.7986    0.5775    0.4610    3.6771    0.1589  6.1196E-01    -88.3534  1.1157E+01
28495.8340    3.0000    0.7993    0.7985    0.5827    0.4638    3.6770    0.1593  6.1432E-01    -88.3534  1.1015E+01
28501.0859    3.0000    0.7993    0.7985    0.5880    0.4666    3.6770    0.1596  6.1657E-01    -88.3534  1.0874E+01
28506.2871    3.0000    0.7993    0.7985    0.5932    0.4694    3.6769    0.1599  6.1871E-01    -88.3534  1.0736E+01
28511.4355    3.0000    0.7993    0.7985    0.5985    0.4722    3.6768    0.1602  6.2073E-01    -88.3534  1.0599E+01
28516.5332    3.0000    0.7993    0.7985    0.6037    0.4750    3.6767    0.1606  6.2262E-01    -88.3534  1.0464E+01
28521.5781    3.0000    0.7993    0.7985    0.6089    0.4778    3.6766    0.1609  6.2438E-01    -88.3534  1.0331E+01
28526.5742    3.0000    0.7993    0.7985    0.6142    0.4806    3.6765    0.1612  6.2601E-01    -88.3534  1.0199E+01
28531.5195    3.0000    0.7993    0.7984    0.6194    0.4835    3.6764    0.1615  6.2750E-01    -88.3534  1.0069E+01
28536.4160    3.0000    0.7993    0.7984    0.6246    0.4863    3.6763    0.1618  6.2885E-01    -88.3534  9.9415E+00
28541.2637    3.0000    0.7993    0.7984    0.6299    0.4891    3.6762    0.1622  6.3004E-01    -88.3534  9.8152E+00
28546.0625    3.0000    0.7993    0.7984    0.6351    0.4919    3.6761    0.1625  6.3108E-01    -88.3534  9.6905E+00
28550.8125    3.0000    0.7993    0.7984    0.6404    0.4947    3.6760    0.1628  6.3196E-01    -88.3534  9.5676E+00
28555.5156    3.0000    0.7993    0.7984    0.6456    0.4975    3.6759    0.1632  6.3267E-01    -88.3534  9.4462E+00
28560.1738    3.0000    0.7993    0.7983    0.6508    0.5004    3.6758    0.1635  6.3320E-01    -88.3534  9.3264E+00
28564.7832    3.0000    0.7993    0.7983    0.6561    0.5032    3.6757    0.1638  6.3356E-01    -88.3534  9.2082E+00
28569.3457    3.0000    0.7993    0.7983    0.6613    0.5060    3.6756    0.1641  6.3372E-01    -88.3534  9.0915E+00
28573.8633    3.0000    0.7993    0.7983    0.6665    0.5088    3.6755    0.1645  6.3370E-01    -88.3534  8.9764E+00
28578.3359    3.0000    0.7993    0.7983    0.6718    0.5117    3.6754    0.1648  6.3347E-01    -88.3534  8.8628E+00
28582.7656    3.0000    0.7993    0.7983    0.6770    0.5145    3.6753    0.1651  6.3312E-01    -88.3534  8.7506E+00
28587.1484    3.0000    0.7993    0.7982    0.6823    0.5173    3.6752    0.1655  6.3277E-01    -88.3534  8.6400E+00
28591.4883    3.0000    0.7993    0.7982    0.6875    0.5202    3.6751    0.1658  6.3242E-01    -88.3534  8.5307E+00
28595.7852    3.0000    0.7993    0.7982    0.6927    0.5230    3.6749    0.1661  6.3207E-01    -88.3534  8.4229E+00
28600.0391    3.0000    0.7993    0.7982    0.6980    0.5259    3.6748    0.1665  6.3172E-01    -88.3534  8.3165E+00
28604.2500    3.0000    0.7993    0.7982    0.7032    0.5287    3.6747    0.1668  6.3137E-01    -88.3534  8.2114E+00
28608.4180    3.0000    0.7993    0.7982    0.7084    0.5315    3.6746    0.1671  6.3101E-01    -88.3534  8.1078E+00
28612.5469    3.0000    0.7993    0.7981    0.7137    0.5344    3.6745    0.1675  6.3066E-01    -88.3534  8.0054E+00
28616.6328    3.0000    0.7993    0.7981    0.7189    0.5372    3.6744    0.1678  6.3031E-01    -88.3534  7.9044E+00
28620.6777    3.0000    0.7993    0.7981    0.7242    0.5401    3.6743    0.1681  6.2995E-01    -88.3534  7.8047E+00
28624.6816    3.0000    0.7993    0.7981    0.7294    0.5429    3.6741    0.1685  6.2959E-01    -88.3534  7.7063E+00
28628.6465    3.0000    0.7993    0.7981    0.7346    0.5458    3.6740    0.1688  6.2924E-01    -88.3534  7.6092E+00
28632.5703    3.0000    0.7993    0.7980    0.7399    0.5486    3.6739    0.1692  6.2888E-01    -88.3534  7.5133E+00
28636.4570    3.0000    0.7993    0.7980    0.7451    0.5515    3.6738    0.1695  6.2852E-01    -88.3534  7.4186E+00
28640.3047    3.0000    0.7993    0.7980    0.7503    0.5544    3.6737    0.1698  6.2816E-01    -88.3534  7.3252E+00
28644.1113    3.0000    0.7993    0.7980    0.7556    0.5572    3.6736    0.1702  6.2780E-01    -88.3534  7.2329E+00
28647.8828    3.0000    0.7993    0.7980    0.7608    0.5601    3.6734    0.1705  6.2743E-01    -88.3534  7.1419E+00
28651.6152    3.0000    0.7993    0.7979    0.7661    0.5630    3.6733    0.1709  6.2707E-01    -88.3534  7.0520E+00
28655.3105    3.0000    0.7993    0.7979    0.7713    0.5658    3.6732    0.1712  6.2671E-01    -88.3534  6.9632E+00
28658.9688    3.0000    0.7993    0.7979    0.7765    0.5687    3.6731    0.1716  6.2634E-01    -88.3534  6.8756E+00
28662.5898    3.0000    0.7993    0.7979    0.7818    0.5716    3.6729    0.1719  6.2598E-01    -88.3534  6.7891E+00
28666.1758    3.0000    0.7993    0.7979    0.7870    0.5744    3.6728    0.1723  6.2561E-01    -88.3534  6.7037E+00
28669.7246    3.0000    0.7993    0.7978    0.7922    0.5773    3.6727    0.1726  6.2525E-01    -88.3534  6.6194E+00
28673.2402    3.0000    0.7993    0.7978    0.7975    0.5802    3.6725    0.1729  6.2488E-01    -88.3534  6.5362E+00
28676.7188    3.0000    0.7993    0.7978    0.8027    0.5831    3.6724    0.1733  6.2451E-01    -88.3534  6.4541E+00
28680.1621    3.0000    0.7993    0.7978    0.8080    0.5860    3.6723    0.1736  6.2414E-01    -88.3534  6.3730E+00
28683.5723    3.0000    0.7993    0.7978    0.8132    0.5888    3.6721    0.1740  6.2377E-01    -88.3534  6.2929E+00
28686.9492    3.0000    0.7993    0.7977    0.8184    0.5917    3.6720    0.1743  6.2340E-01    -88.3534  6.2138E+00
28690.2910    3.0000    0.7993    0.7977    0.8237    0.5946    3.6719    0.1747  6.2302E-01    -88.3534  6.1358E+00
28693.5996    3.0000    0.7993    0.7977    0.8289    0.5975    3.6717    0.1750  6.2265E-01    -88.3534  6.0587E+00
28696.8750    3.0000    0.7993    0.7977    0.8342    0.6004    3.6716    0.1754  6.2228E-01    -88.3534  5.9826E+00
28700.1172    3.0000    0.7993    0.7977    0.8394    0.6033    3.6715    0.1758  6.2190E-01    -88.3534  5.9075E+00
28703.3281    3.0000    0.7993    0.7976    0.8446    0.6062    3.6713    0.1761  6.2153E-01    -88.3534  5.8333E+00
28706.5059    3.0000    0.7993    0.7976    0.8499    0.6091    3.6712    0.1765  6.2115E-01    -88.3534  5.7600E+00
28709.6523    3.0000    0.7993    0.7976    0.8551    0.6120    3.6711    0.1768  6.2077E-01    -88.3534  5.6877E+00
28712.7676    3.0000    0.7993    0.7976    0.8603    0.6149    3.6709    0.1772  6.2039E-01    -88.3534  5.6163E+00
28715.8496    3.0000    0.7993    0.7975    0.8656    0.6178    3.6708    0.1775  6.2001E-01    -88.3534  5.5458E+00
28718.9043    3.0000    0.7993    0.7975    0.8708    0.6207    3.6706    0.1779  6.1963E-01    -88.3534  5.4762E+00
28721.9258    3.0000    0.7993    0.7975    0.8761    0.6236    3.6705    0.1782  6.1925E-01    -88.3534  5.4075E+00
28724.9180    3.0000    0.7993    0.7975    0.8813    0.6265    3.6703    0.1786  6.1887E-01    -88.3534  5.3396E+00
28727.8809    3.0000    0.7993    0.7974    0.8865    0.6294    3.6702    0.1790  6.1849E-01    -88.3534  5.2726E+00
28730.8125    3.0000    0.7993    0.7974    0.8918    0.6323    3.6700    0.1793  6.1810E-01    -88.3534  5.2064E+00
28733.7168    3.0000    0.7993    0.7974    0.8970    0.6353    3.6699    0.1797  6.1772E-01    -88.3534  5.1411E+00
28736.5898    3.0000    0.7993    0.7974    0.9022    0.6382    3.6697    0.1800  6.1733E-01    -88.3534  5.0766E+00
28739.4355    3.0000    0.7993    0.7973    0.9075    0.6411    3.6696    0.1804  6.1694E-01    -88.3534  5.0129E+00
28742.2539    3.0000    0.7993    0.7973    0.9127    0.6440    3.6694    0.1808  6.1656E-01    -88.3534  4.9500E+00
28745.0410    3.0000    0.7993    0.7973    0.9180    0.6469    3.6693    0.1811  6.1617E-01    -88.3534  4.8878E+00
28747.8027    3.0000    0.7993    0.7973    0.9232    0.6499    3.6691    0.1815  6.1578E-01    -88.3534  4.8265E+00
28750.5371    3.0000    0.7993    0.7972    0.9284    0.6528    3.6690    0.1819  6.1539E-01    -88.3534  4.7659E+00
28753.2422    3.0000    0.7993    0.7972    0.9337    0.6557    3.6688    0.1822  6.1499E-01    -88.3534  4.7061E+00
28755.9219    3.0000    0.7993    0.7972    0.9389    0.6587    3.6687    0.1826  6.1460E-01    -88.3534  4.6470E+00
28758.5742    3.0000    0.7993    0.7972    0.9441    0.6616    3.6685    0.1830  6.1421E-01    -88.3534  4.5887E+00
28761.1992    3.0000    0.7993    0.7971    0.9494    0.6645    3.6683    0.1833  6.1381E-01    -88.3534  4.5311E+00
28763.7988    3.0000    0.7993    0.7971    0.9546    0.6675    3.6682    0.1837  6.1342E-01    -88.3534  4.4742E+00
28766.3711    3.0000    0.7993    0.7971    0.9599    0.6704    3.6680    0.1841  6.1302E-01    -88.3534  4.4180E+00
28768.9199    3.0000    0.7993    0.7971    0.9651    0.6734    3.6679    0.1844  6.1262E-01    -88.3534  4.3626E+00
28771.4414    3.0000    0.7993    0.7970    0.9703    0.6763    3.6677    0.1848  6.1222E-01    -88.3534  4.3078E+00
28773.9395    3.0000    0.7993    0.7970    0.9756    0.6792    3.6675    0.1852  6.1182E-01    -88.3534  4.2537E+00
28776.4102    3.0000    0.7993    0.7970    0.9808    0.6822    3.6674    0.1856  6.1142E-01    -88.3534  4.2003E+00
28778.8574    3.0000    0.7993    0.7969    0.9860    0.6851    3.6672    0.1859  6.1102E-01    -88.3534  4.1475E+00
28781.2812    3.0000    0.7993    0.7969    0.9913    0.6881    3.6670    0.1863  6.1062E-01    -88.3534  4.0954E+00
28783.6797    3.0000    0.7993    0.7969    0.9965    0.6911    3.6669    0.1867  6.1022E-01    -88.3534  4.0440E+00
28786.0547    3.0000    0.7993    0.7969    1.0018    0.6940    3.6667    0.1871  6.0981E-01    -88.3534  3.9932E+00
28788.4062    3.0000    0.7993    0.7968    1.0070    0.6970    3.6665    0.1874  6.0941E-01    -88.3534  3.9430E+00
28790.7324    3.0000    0.7993    0.7968    1.0122    0.6999    3.6664    0.1878  6.0900E-01    -88.3534  3.8934E+00
28793.0371    3.0000    0.7993    0.7968    1.0175    0.7029    3.6662    0.1882  6.0859E-01    -88.3534  3.8445E+00
28795.3184    3.0000    0.7993    0.7967    1.0227    0.7059    3.6660    0.1886  6.0818E-01    -88.3534  3.7962E+00
28797.5762    3.0000    0.7993    0.7967    1.0279    0.7088    3.6658    0.1889  6.0777E-01    -88.3534  3.7484E+00
28799.8125    3.0000    0.7993    0.7967    1.0332    0.7118    3.6657    0.1893  6.0736E-01    -88.3534  3.7013E+00
28802.0254    3.0000    0.7993    0.7967    1.0384    0.7148    3.6655    0.1897  6.0695E-01    -88.3534  3.6547E+00
28804.2168    3.0000    0.7993    0.7966    1.0437    0.7177    3.6653    0.1901  6.0654E-01    -88.3534  3.6088E+00
28806.3848    3.0000    0.7993    0.7966    1.0489    0.7207    3.6651    0.1905  6.0612E-01    -88.3534  3.5633E+00
28808.5332    3.0000    0.7993    0.7966    1.0541    0.7237    3.6650    0.1908  6.0571E-01    -88.3534  3.5185E+00
28810.6582    3.0000    0.7993    0.7965    1.0594    0.7267    3.6648    0.1912  6.0529E-01    -88.3534  3.4742E+00
28812.7637    3.0000    0.7993    0.7965    1.0646    0.7297    3.6646    0.1916  6.0488E-01    -88.3534  3.4305E+00
28814.8477    3.0000    0.7993    0.7965    1.0699    0.7326    3.6644    0.1920  6.0446E-01    -88.3534  3.3873E+00
28816.9102    3.0000    0.7993    0.7964    1.0751    0.7356    3.6642    0.1924  6.0404E-01    -88.3534  3.3446E+00
28818.9531    3.0000    0.7993    0.7964    1.0803    0.7386    3.6640    0.1928  6.0362E-01    -88.3534  3.3025E+00
28820.9746    3.0000    0.7993    0.7964    1.0856    0.7416    3.6639    0.1932  6.0320E-01    -88.3534  3.2609E+00
28822.9766    3.0000    0.7993    0.7963    1.0908    0.7446    3.6637    0.1936  6.0277E-01    -88.3534  3.2198E+00
28824.9590    3.0000    0.7993    0.7963    1.0960    0.7476    3.6635    0.1939  6.0235E-01    -88.3534  3.1792E+00
28826.9199    3.0000    0.7993    0.7963    1.1013    0.7506    3.6633    0.1943  6.0193E-01    -88.3534  3.1391E+00
28828.8613    3.0000    0.7993    0.7962    1.1065    0.7536    3.6631    0.1947  6.0150E-01    -88.3534  3.0995E+00
28830.7852    3.0000    0.7993    0.7962    1.1118    0.7566    3.6629    0.1951  6.0107E-01    -88.3534  3.0604E+00
28832.6895    3.0000    0.7993    0.7962    1.1170    0.7596    3.6627    0.1955  6.0065E-01    -88.3534  3.0218E+00
28834.5723    3.0000    0.7993    0.7961    1.1222    0.7626    3.6625    0.1959  6.0022E-01    -88.3534  2.9836E+00
28836.4395    3.0000    0.7993    0.7961    1.1275    0.7656    3.6623    0.1963  5.9979E-01    -88.3534  2.9459E+00
28838.2852    3.0000    0.7993    0.7960    1.1327    0.7686    3.6621    0.1967  5.9936E-01    -88.3534  2.9087E+00
28840.1152    3.0000    0.7993    0.7960    1.1379    0.7716    3.6619    0.1971  5.9892E-01    -88.3534  2.8720E+00
28841.9238    3.0000    0.7993    0.7960    1.1432    0.7746    3.6617    0.1975  5.9849E-01    -88.3534  2.8357E+00
28843.7168    3.0000    0.7993    0.7959    1.1484    0.7776    3.6615    0.1979  5.9805E-01    -88.3534  2.7998E+00
28845.4902    3.0000    0.7993    0.7959    1.1537    0.7807    3.6614    0.1983  5.9762E-01    -88.3534  2.7644E+00
28847.2480    3.0000    0.7993    0.7959    1.1589    0.7837    3.6612    0.1987  5.9718E-01    -88.3534  2.7295E+00
28848.9863    3.0000    0.7993    0.7958    1.1641    0.7867    3.6609    0.1991  5.9674E-01    -88.3534  2.6949E+00
28850.7090    3.0000    0.7993    0.7958    1.1694    0.7897    3.6607    0.1995  5.9630E-01    -88.3534  2.6608E+00
28852.4121    3.0000    0.7993    0.7957    1.1746    0.7928    3.6605    0.1999  5.9586E-01    -88.3534  2.6271E+00
28854.0996    3.0000    0.7993    0.7957    1.1798    0.7958    3.6603    0.2003  5.9542E-01    -88.3534  2.5939E+00
28855.7695    3.0000    0.7993    0.7957    1.1851    0.7988    3.6601    0.2007  5.9498E-01    -88.3534  2.5610E+00
28857.4238    3.0000    0.7993    0.7956    1.1903    0.8018    3.6599    0.2011  5.9454E-01    -88.3534  2.5286E+00
28859.0605    3.0000    0.7993    0.7956    1.1956    0.8049    3.6597    0.2015  5.9409E-01    -88.3534  2.4965E+00
28860.6816    3.0000    0.7993    0.7955    1.2008    0.8079    3.6595    0.2019  5.9365E-01    -88.3534  2.4648E+00
28862.2871    3.0000    0.7993    0.7955    1.2060    0.8109    3.6593    0.2023  5.9320E-01    -88.3534  2.4336E+00
28863.8750    3.0000    0.7993    0.7955    1.2113    0.8140    3.6591    0.2027  5.9275E-01    -88.3534  2.4027E+00
28865.4473    3.0000    0.7993    0.7954    1.2165    0.8170    3.6589    0.2031  5.9230E-01    -88.3534  2.3722E+00
28867.0039    3.0000    0.7993    0.7954    1.2217    0.8201    3.6587    0.2035  5.9185E-01    -88.3534  2.3420E+00
28868.5469    3.0000    0.7993    0.7953    1.2270    0.8231    3.6585    0.2039  5.9140E-01    -88.3534  2.3123E+00
28870.0723    3.0000    0.7993    0.7953    1.2322    0.8262    3.6582    0.2043  5.9094E-01    -88.3534  2.2829E+00
28871.5820    3.0000    0.7993    0.7952    1.2375    0.8292    3.6580    0.2048  5.9049E-01    -88.3534  2.2539E+00
28873.0781    3.0000    0.7993    0.7952    1.2427    0.8323    3.6578    0.2052  5.9003E-01    -88.3534  2.2252E+00
28874.5586    3.0000    0.7993    0.7952    1.2479    0.8353    3.6576    0.2056  5.8958E-01    -88.3534  2.1969E+00
28876.0254    3.0000    0.7993    0.7951    1.2532    0.8384    3.6574    0.2060  5.8912E-01    -88.3534  2.1689E+00
28877.4766    3.0000    0.7993    0.7951    1.2584    0.8414    3.6572    0.2064  5.8866E-01    -88.3534  2.1413E+00
28878.9121    3.0000    0.7993    0.7950    1.2636    0.8445    3.6569    0.2068  5.8820E-01    -88.3534  2.1140E+00
28880.3359    3.0000    0.7993    0.7950    1.2689    0.8476    3.6567    0.2072  5.8773E-01    -88.3534  2.0871E+00
28881.7422    3.0000    0.7993    0.7949    1.2741    0.8506    3.6565    0.2077  5.8727E-01    -88.3534  2.0605E+00
28883.1367    3.0000    0.7993    0.7949    1.2794    0.8537    3.6563    0.2081  5.8681E-01    -88.3534  2.0342E+00
28884.5176    3.0000    0.7993    0.7948    1.2846    0.8568    3.6560    0.2085  5.8634E-01    -88.3534  2.0082E+00
28885.8828    3.0000    0.7993    0.7948    1.2898    0.8598    3.6558    0.2089  5.8587E-01    -88.3534  1.9826E+00
28887.2363    3.0000    0.7993    0.7947    1.2951    0.8629    3.6556    0.2093  5.8541E-01    -88.3534  1.9572E+00
28888.5742    3.0000    0.7993    0.7947    1.3003    0.8660    3.6554    0.2098  5.8494E-01    -88.3534  1.9322E+00
28889.9004    3.0000    0.7993    0.7946    1.3056    0.8691    3.6551    0.2102  5.8446E-01    -88.3534  1.9075E+00
28891.2129    3.0000    0.7993    0.7946    1.3108    0.8721    3.6549    0.2106  5.8399E-01    -88.3534  1.8831E+00
28892.5117    3.0000    0.7993    0.7945    1.3160    0.8752    3.6547    0.2110  5.8352E-01    -88.3534  1.8590E+00
28893.7988    3.0000    0.7993    0.7945    1.3213    0.8783    3.6544    0.2115  5.8304E-01    -88.3534  1.8352E+00
28895.0723    3.0000    0.7993    0.7944    1.3265    0.8814    3.6542    0.2119  5.8257E-01    -88.3534  1.8117E+00
28896.3320    3.0000    0.7993    0.7944    1.3317    0.8845    3.6540    0.2123  5.8209E-01    -88.3534  1.7885E+00
28897.5801    3.0000    0.7993    0.7943    1.3370    0.8876    3.6537    0.2127  5.8161E-01    -88.3534  1.7656E+00
28898.8164    3.0000    0.7993    0.7943    1.3422    0.8907    3.6535    0.2132  5.8113E-01    -88.3534  1.7429E+00
28900.0391    3.0000    0.7993    0.7942    1.3475    0.8938    3.6533    0.2136  5.8065E-01    -88.3534  1.7206E+00
28901.2500    3.0000    0.7993    0.7942    1.3527    0.8968    3.6530    0.2140  5.8017E-01    -88.3534  1.6985E+00
28902.4492    3.0000    0.7993    0.7941    1.3579    0.8999    3.6528    0.2144  5.7968E-01    -88.3534  1.6767E+00
28903.6367    3.0000    0.7993    0.7941    1.3632    0.9030    3.6525    0.2149  5.7920E-01    -88.3534  1.6551E+00
28904.8125    3.0000    0.7993    0.7940    1.3684    0.9061    3.6523    0.2153  5.7871E-01    -88.3534  1.6338E+00
28905.9746    3.0000    0.7993    0.7940    1.3736    0.9093    3.6521    0.2157  5.7822E-01    -88.3534  1.6128E+00
28907.1270    3.0000    0.7993    0.7939    1.3789    0.9124    3.6518    0.2162  5.7773E-01    -88.3534  1.5920E+00
28908.2676    3.0000    0.7993    0.7939    1.3841    0.9155    3.6516    0.2166  5.7724E-01    -88.3534  1.5715E+00
28909.3965    3.0000    0.7993    0.7938    1.3894    0.9186    3.6513    0.2170  5.7675E-01    -88.3534  1.5513E+00
28910.5137    3.0000    0.7993    0.7937    1.3946    0.9217    3.6511    0.2175  5.7625E-01    -88.3534  1.5313E+00
28911.6191    3.0000    0.7993    0.7937    1.3998    0.9248    3.6508    0.2179  5.7576E-01    -88.3534  1.5115E+00
28912.7148    3.0000    0.7993    0.7936    1.4051    0.9279    3.6506    0.2184  5.7526E-01    -88.3534  1.4920E+00
28913.7988    3.0000    0.7993    0.7936    1.4103    0.9310    3.6503    0.2188  5.7476E-01    -88.3534  1.4728E+00
28914.8730    3.0000    0.7993    0.7935    1.4155    0.9342    3.6501    0.2192  5.7426E-01    -88.3534  1.4537E+00
28915.9355    3.0000    0.7993    0.7934    1.4208    0.9373    3.6498    0.2197  5.7376E-01    -88.3534  1.4349E+00
28916.9863    3.0000    0.7993    0.7934    1.4260    0.9404    3.6496    0.2201  5.7326E-01    -88.3534  1.4164E+00
28918.0293    3.0000    0.7993    0.7933    1.4313    0.9435    3.6493    0.2206  5.7276E-01    -88.3534  1.3980E+00
28919.0605    3.0000    0.7993    0.7933    1.4365    0.9467    3.6491    0.2210  5.7225E-01    -88.3534  1.3799E+00
28920.0801    3.0000    0.7993    0.7932    1.4417    0.9498    3.6488    0.2215  5.7174E-01    -88.3534  1.3621E+00
28921.0918    3.0000    0.7993    0.7931    1.4470    0.9529    3.6485    0.2219  5.7124E-01    -88.3534  1.3444E+00
28922.0918    3.0000    0.7993    0.7931    1.4522    0.9561    3.6483    0.2223  5.7073E-01    -88.3534  1.3270E+00
28923.0820    3.0000    0.7993    0.7930    1.4574    0.9592    3.6480    0.2228  5.7021E-01    -88.3534  1.3097E+00
28924.0625    3.0000    0.7993    0.7929    1.4627    0.9623    3.6478    0.2232  5.6970E-01    -88.3534  1.2927E+00
28925.0332    3.0000    0.7993    0.7929    1.4679    0.9655    3.6475    0.2237  5.6919E-01    -88.3534  1.2759E+00
28925.9941    3.0000    0.7993    0.7928    1.4732    0.9686    3.6472    0.2241  5.6867E-01    -88.3534  1.2593E+00
28926.9453    3.0000    0.7993    0.7927    1.4784    0.9718    3.6470    0.2246  5.6815E-01    -88.3534  1.2429E+00
28927.8887    3.0000    0.7993    0.7927    1.4836    0.9749    3.6467    0.2250  5.6764E-01    -88.3534  1.2268E+00
28928.8203    3.0000    0.7993    0.7926    1.4889    0.9781    3.6465    0.2255  5.6712E-01    -88.3534  1.2108E+00
28929.7441    3.0000    0.7993    0.7925    1.4941    0.9812    3.6462    0.2260  5.6659E-01    -88.3534  1.1950E+00
28930.6582    3.0000    0.7993    0.7925    1.4993    0.9844    3.6459    0.2264  5.6607E-01    -88.3534  1.1794E+00
28931.5625    3.0000    0.7993    0.7924    1.5046    0.9875    3.6456    0.2269  5.6554E-01    -88.3534  1.1640E+00
28932.4590    3.0000    0.7993    0.7923    1.5098    0.9907    3.6454    0.2273  5.6502E-01    -88.3534  1.1488E+00
28933.3457    3.0000    0.7993    0.7923    1.5151    0.9939    3.6451    0.2278  5.6449E-01    -88.3534  1.1338E+00
28934.2227    3.0000    0.7993    0.7922    1.5203    0.9970    3.6448    0.2282  5.6396E-01    -88.3534  1.1190E+00
28935.0918    3.0000    0.7993    0.7921    1.5255    1.0002    3.6446    0.2287  5.6343E-01    -88.3534  1.1043E+00
28935.9531    3.0000    0.7993    0.7920    1.5308    1.0033    3.6443    0.2292  5.6290E-01    -88.3534  1.0899E+00
28936.8047    3.0000    0.7993    0.7920    1.5360    1.0065    3.6440    0.2296  5.6236E-01    -88.3534  1.0756E+00
28937.6484    3.0000    0.7993    0.7919    1.5412    1.0097    3.6437    0.2301  5.6182E-01    -88.3534  1.0615E+00
28938.4824    3.0000    0.7993    0.7918    1.5465    1.0129    3.6435    0.2305  5.6129E-01    -88.3534  1.0476E+00
28939.3105    3.0000    0.7993    0.7918    1.5517    1.0160    3.6432    0.2310  5.6075E-01    -88.3534  1.0338E+00
28940.1289    3.0000    0.7993    0.7917    1.5570    1.0192    3.6429    0.2315  5.6021E-01    -88.3534  1.0202E+00
28940.9375    3.0000    0.7993    0.7916    1.5622    1.0224    3.6426    0.2319  5.5966E-01    -88.3534  1.0068E+00
28941.7402    3.0000    0.7993    0.7915    1.5674    1.0256    3.6423    0.2324  5.5912E-01    -88.3534  9.9355E-01
28942.5352    3.0000    0.7993    0.7914    1.5727    1.0288    3.6421    0.2329  5.5857E-01    -88.3534  9.8047E-01
28943.3203    3.0000    0.7993    0.7914    1.5779    1.0319    3.6418    0.2333  5.5802E-01    -88.3534  9.6755E-01
28944.0977    3.0000    0.7993    0.7913    1.5832    1.0351    3.6415    0.2338  5.5747E-01    -88.3534  9.5479E-01
28944.8691    3.0000    0.7993    0.7912    1.5884    1.0383    3.6412    0.2343  5.5692E-01    -88.3534  9.4219E-01
28945.6309    3.0000    0.7993    0.7911    1.5936    1.0415    3.6409    0.2347  5.5637E-01    -88.3534  9.2975E-01
28946.3867    3.0000    0.7993    0.7910    1.5989    1.0447    3.6406    0.2352  5.5582E-01    -88.3534  9.1746E-01
28947.1348    3.0000    0.7993    0.7910    1.6041    1.0479    3.6403    0.2357  5.5526E-01    -88.3534  9.0533E-01
28947.8750    3.0000    0.7993    0.7909    1.6093    1.0511    3.6401    0.2362  5.5470E-01    -88.3534  8.9335E-01
28948.6074    3.0000    0.7993    0.7908    1.6146    1.0543    3.6398    0.2366  5.5414E-01    -88.3534  8.8152E-01
28949.3320    3.0000    0.7993    0.7907    1.6198    1.0575    3.6395    0.2371  5.5358E-01    -88.3534  8.6983E-01
28950.0508    3.0000    0.7993    0.7906    1.6251    1.0607    3.6392    0.2376  5.5302E-01    -88.3534  8.5829E-01
28950.7617    3.0000    0.7993    0.7905    1.6303    1.0639    3.6389    0.2381  5.5245E-01    -88.3534  8.4690E-01
28951.4648    3.0000    0.7993    0.7904    1.6355    1.0671    3.6386    0.2386  5.5188E-01    -88.3534  8.3565E-01
28952.1621    3.0000    0.7993    0.7903    1.6408    1.0703    3.6383    0.2390  5.5131E-01    -88.3534  8.2454E-01
28952.8516    3.0000    0.7993    0.7903    1.6460    1.0735    3.6380    0.2395  5.5074E-01    -88.3534  8.1357E-01
28953.5352    3.0000    0.7993    0.7902    1.6512    1.0767    3.6377    0.2400  5.5017E-01    -88.3534  8.0273E-01
28954.2109    3.0000    0.7993    0.7901    1.6565    1.0800    3.6374    0.2405  5.4960E-01    -88.3534  7.9203E-01
28954.8809    3.0000    0.7993    0.7900    1.6617    1.0832    3.6371    0.2410  5.4902E-01    -88.3534  7.8147E-01
28955.5430    3.0000    0.7993    0.7899    1.6670    1.0864    3.6368    0.2414  5.4844E-01    -88.3534  7.7104E-01
28956.1992    3.0000    0.7993    0.7898    1.6722    1.0896    3.6365    0.2419  5.4786E-01    -88.3534  7.6074E-01
28956.8477    3.0000    0.7993    0.7897    1.6774    1.0929    3.6362    0.2424  5.4728E-01    -88.3534  7.5056E-01
28957.4902    3.0000    0.7993    0.7896    1.6827    1.0961    3.6359    0.2429  5.4670E-01    -88.3534  7.4052E-01
28958.1270    3.0000    0.7993    0.7895    1.6879    1.0993    3.6356    0.2434  5.4611E-01    -88.3534  7.3060E-01
28958.7578    3.0000    0.7993    0.7894    1.6931    1.1025    3.6353    0.2439  5.4552E-01    -88.3534  7.2081E-01
28959.3809    3.0000    0.7993    0.7893    1.6984    1.1058    3.6350    0.2444  5.4493E-01    -88.3534  7.1114E-01
28960.0000    3.0000    0.7993    0.7892    1.7036    1.1090    3.6347    0.2449  5.4434E-01    -88.3534  7.0159E-01
28960.6113    3.0000    0.7993    0.7891    1.7089    1.1122    3.6344    0.2454  5.4375E-01    -88.3534  6.9216E-01
28961.2168    3.0000    0.7993    0.7890    1.7141    1.1155    3.6341    0.2459  5.4315E-01    -88.3534  6.8285E-01
28961.8145    3.0000    0.7993    0.7889    1.7193    1.1187    3.6337    0.2464  5.4256E-01    -88.3534  6.7366E-01
28962.4082    3.0000    0.7993    0.7888    1.7246    1.1220    3.6334    0.2468  5.4196E-01    -88.3534  6.6458E-01
28962.9961    3.0000    0.7993    0.7887    1.7298    1.1252    3.6331    0.2473  5.4136E-01    -88.3534  6.5561E-01
28963.5781    3.0000    0.7993    0.7886    1.7350    1.1285    3.6328    0.2478  5.4075E-01    -88.3534  6.4676E-01
28964.1523    3.0000    0.7993    0.7885    1.7403    1.1317    3.6325    0.2483  5.4015E-01    -88.3534  6.3802E-01
28964.7227    3.0000    0.7993    0.7884    1.7455    1.1350    3.6322    0.2488  5.3954E-01    -88.3534  6.2940E-01
28965.2871    3.0000    0.7993    0.7883    1.7508    1.1382    3.6319    0.2493  5.3893E-01    -88.3534  6.2088E-01
28965.8457    3.0000    0.7993    0.7882    1.7560    1.1415    3.6315    0.2498  5.3832E-01    -88.3534  6.1246E-01
28966.3984    3.0000    0.7993    0.7881    1.7612    1.1447    3.6312    0.2503  5.3771E-01    -88.3534  6.0416E-01
28966.9453    3.0000    0.7993    0.7879    1.7665    1.1480    3.6309    0.2508  5.3709E-01    -88.3534  5.9595E-01
28967.4883    3.0000    0.7993    0.7878    1.7717    1.1512    3.6306    0.2514  5.3647E-01    -88.3534  5.8786E-01
28968.0254    3.0000    0.7993    0.7877    1.7769    1.1545    3.6303    0.2519  5.3585E-01    -88.3534  5.7986E-01
28968.5566    3.0000    0.7993    0.7876    1.7822    1.1578    3.6299    0.2524  5.3523E-01    -88.3534  5.7197E-01
28969.0820    3.0000    0.7993    0.7875    1.7874    1.1610    3.6296    0.2529  5.3461E-01    -88.3534  5.6417E-01
28969.6016    3.0000    0.7993    0.7874    1.7927    1.1643    3.6293    0.2534  5.3398E-01    -88.3534  5.5648E-01
28970.1172    3.0000    0.7993    0.7872    1.7979    1.1676    3.6290    0.2539  5.3335E-01    -88.3534  5.4888E-01
28970.6270    3.0000    0.7993    0.7871    1.8031    1.1709    3.6286    0.2544  5.3272E-01    -88.3534  5.4137E-01
28971.1328    3.0000    0.7993    0.7870    1.8084    1.1741    3.6283    0.2549  5.3209E-01    -88.3534  5.3397E-01
28971.6328    3.0000    0.7993    0.7869    1.8136    1.1774    3.6280    0.2554  5.3145E-01    -88.3534  5.2665E-01
28972.1289    3.0000    0.7993    0.7868    1.8189    1.1807    3.6276    0.2559  5.3082E-01    -88.3534  5.1943E-01
28972.6191    3.0000    0.7993    0.7866    1.8241    1.1840    3.6273    0.2565  5.3018E-01    -88.3534  5.1230E-01
28973.1035    3.0000    0.7993    0.7865    1.8293    1.1873    3.6270    0.2570  5.2954E-01    -88.3534  5.0526E-01
28973.5840    3.0000    0.7993    0.7864    1.8346    1.1906    3.6266    0.2575  5.2889E-01    -88.3534  4.9831E-01
28974.0586    3.0000    0.7993    0.7863    1.8398    1.1938    3.6263    0.2580  5.2825E-01    -88.3534  4.9145E-01
28974.5312    3.0000    0.7993    0.7861    1.8450    1.1971    3.6260    0.2585  5.2760E-01    -88.3534  4.8468E-01
28974.9961    3.0000    0.7993    0.7860    1.8503    1.2004    3.6256    0.2590  5.2695E-01    -88.3534  4.7799E-01
28975.4570    3.0000    0.7993    0.7859    1.8555    1.2037    3.6253    0.2596  5.2629E-01    -88.3534  4.7138E-01
28975.9141    3.0000    0.7993    0.7857    1.8608    1.2070    3.6250    0.2601  5.2564E-01    -88.3534  4.6486E-01
28976.3672    3.0000    0.7993    0.7856    1.8660    1.2103    3.6246    0.2606  5.2498E-01    -88.3534  4.5843E-01
28976.8145    3.0000    0.7993    0.7855    1.8712    1.2136    3.6243    0.2611  5.2432E-01    -88.3534  4.5207E-01
28977.2578    3.0000    0.7993    0.7853    1.8765    1.2169    3.6239    0.2617  5.2366E-01    -88.3534  4.4580E-01
28977.6973    3.0000    0.7993    0.7852    1.8817    1.2202    3.6236    0.2622  5.2299E-01    -88.3534  4.3960E-01
28978.1309    3.0000    0.7993    0.7850    1.8869    1.2235    3.6232    0.2627  5.2232E-01    -88.3534  4.3349E-01
28978.5605    3.0000    0.7993    0.7849    1.8922    1.2268    3.6229    0.2632  5.2165E-01    -88.3534  4.2745E-01
28978.9863    3.0000    0.7993    0.7848    1.8974    1.2301    3.6226    0.2638  5.2098E-01    -88.3534  4.2149E-01
28979.4082    3.0000    0.7993    0.7846    1.9027    1.2335    3.6222    0.2643  5.2031E-01    -88.3534  4.1561E-01
28979.8262    3.0000    0.7993    0.7845    1.9079    1.2368    3.6219    0.2648  5.1963E-01    -88.3534  4.0980E-01
28980.2402    3.0000    0.7993    0.7843    1.9131    1.2401    3.6215    0.2654  5.1895E-01    -88.3534  4.0406E-01
28980.6484    3.0000    0.7993    0.7842    1.9184    1.2434    3.6212    0.2659  5.1827E-01    -88.3534  3.9840E-01
28981.0527    3.0000    0.7993    0.7840    1.9236    1.2467    3.6208    0.2664  5.1758E-01    -88.3534  3.9281E-01
28981.4551    3.0000    0.7993    0.7839    1.9288    1.2501    3.6205    0.2670  5.1689E-01    -88.3534  3.8730E-01
28981.8516    3.0000    0.7993    0.7837    1.9341    1.2534    3.6201    0.2675  5.1620E-01    -88.3534  3.8185E-01
28982.2441    3.0000    0.7993    0.7836    1.9393    1.2567    3.6197    0.2681  5.1551E-01    -88.3534  3.7647E-01
28982.6328    3.0000    0.7993    0.7834    1.9446    1.2600    3.6194    0.2686  5.1482E-01    -88.3534  3.7116E-01
28983.0176    3.0000    0.7993    0.7833    1.9498    1.2634    3.6190    0.2691  5.1412E-01    -88.3534  3.6592E-01
28983.3984    3.0000    0.7993    0.7831    1.9550    1.2667    3.6187    0.2697  5.1342E-01    -88.3534  3.6075E-01
28983.7773    3.0000    0.7993    0.7829    1.9603    1.2700    3.6183    0.2702  5.1272E-01    -88.3534  3.5564E-01
28984.1504    3.0000    0.7993    0.7828    1.9655    1.2734    3.6180    0.2708  5.1201E-01    -88.3534  3.5060E-01
28984.5195    3.0000    0.7993    0.7826    1.9707    1.2767    3.6176    0.2713  5.1130E-01    -88.3534  3.4562E-01
28984.8867    3.0000    0.7993    0.7824    1.9760    1.2801    3.6172    0.2719  5.1059E-01    -88.3534  3.4071E-01
28985.2500    3.0000    0.7993    0.7823    1.9812    1.2834    3.6169    0.2724  5.0988E-01    -88.3534  3.3586E-01
28985.6074    3.0000    0.7993    0.7821    1.9865    1.2868    3.6165    0.2729  5.0916E-01    -88.3534  3.3107E-01
28985.9629    3.0000    0.7993    0.7819    1.9917    1.2901    3.6161    0.2735  5.0844E-01    -88.3534  3.2634E-01
28986.3145    3.0000    0.7993    0.7818    1.9969    1.2934    3.6158    0.2740  5.0772E-01    -88.3534  3.2168E-01
28986.6641    3.0000    0.7993    0.7816    2.0022    1.2968    3.6154    0.2746  5.0699E-01    -88.3534  3.1707E-01
28987.0078    3.0000    0.7993    0.7814    2.0074    1.3002    3.6150    0.2751  5.0626E-01    -88.3534  3.1253E-01
28987.3496    3.0000    0.7993    0.7812    2.0126    1.3035    3.6147    0.2757  5.0553E-01    -88.3534  3.0804E-01
28987.6875    3.0000    0.7993    0.7811    2.0179    1.3069    3.6143    0.2763  5.0480E-01    -88.3534  3.0361E-01
28988.0215    3.0000    0.7993    0.7809    2.0231    1.3102    3.6139    0.2768  5.0406E-01    -88.3534  2.9924E-01
28988.3535    3.0000    0.7993    0.7807    2.0284    1.3136    3.6136    0.2774  5.0332E-01    -88.3534  2.9492E-01
28988.6816    3.0000    0.7993    0.7805    2.0336    1.3170    3.6132    0.2779  5.0258E-01    -88.3534  2.9066E-01
28989.0059    3.0000    0.7993    0.7803    2.0388    1.3203    3.6128    0.2785  5.0183E-01    -88.3534  2.8646E-01
28989.3262    3.0000    0.7993    0.7801    2.0441    1.3237    3.6124    0.2790  5.0108E-01    -88.3534  2.8230E-01
28989.6445    3.0000    0.7993    0.7799    2.0493    1.3271    3.6121    0.2796  5.0033E-01    -88.3534  2.7821E-01
28989.9609    3.0000    0.7993    0.7797    2.0546    1.3304    3.6117    0.2802  4.9958E-01    -88.3534  2.7416E-01
28990.2715    3.0000    0.7993    0.7796    2.0598    1.3338    3.6113    0.2807  4.9882E-01    -88.3534  2.7017E-01
28990.5801    3.0000    0.7993    0.7794    2.0650    1.3372    3.6109    0.2813  4.9806E-01    -88.3534  2.6623E-01
28990.8867    3.0000    0.7993    0.7792    2.0703    1.3406    3.6106    0.2819  4.9729E-01    -88.3534  2.6234E-01
28991.1895    3.0000    0.7993    0.7790    2.0755    1.3439    3.6102    0.2824  4.9653E-01    -88.3534  2.5850E-01
28991.4883    3.0000    0.7993    0.7788    2.0807    1.3473    3.6098    0.2830  4.9576E-01    -88.3534  2.5471E-01
28991.7852    3.0000    0.7993    0.7786    2.0860    1.3507    3.6094    0.2836  4.9498E-01    -88.3534  2.5097E-01
28992.0781    3.0000    0.7993    0.7783    2.0912    1.3541    3.6090    0.2841  4.9421E-01    -88.3534  2.4728E-01
28992.3691    3.0000    0.7993    0.7781    2.0965    1.3575    3.6086    0.2847  4.9343E-01    -88.3534  2.4363E-01
28992.6562    3.0000    0.7993    0.7779    2.1017    1.3609    3.6082    0.2853  4.9264E-01    -88.3534  2.4004E-01
28992.9414    3.0000    0.7993    0.7777    2.1069    1.3643    3.6079    0.2859  4.9186E-01    -88.3534  2.3649E-01
28993.2246    3.0000    0.7993    0.7775    2.1122    1.3677    3.6075    0.2864  4.9107E-01    -88.3534  2.3298E-01
28993.5039    3.0000    0.7993    0.7773    2.1174    1.3711    3.6071    0.2870  4.9027E-01    -88.3534  2.2952E-01
28993.7793    3.0000    0.7993    0.7771    2.1226    1.3745    3.6067    0.2876  4.8948E-01    -88.3534  2.2611E-01
28994.0527    3.0000    0.7993    0.7768    2.1279    1.3779    3.6063    0.2882  4.8868E-01    -88.3534  2.2274E-01
28994.3242    3.0000    0.7993    0.7766    2.1331    1.3813    3.6059    0.2887  4.8788E-01    -88.3534  2.1942E-01
28994.5918    3.0000    0.7993    0.7764    2.1384    1.3847    3.6055    0.2893  4.8707E-01    -88.3534  2.1613E-01
28994.8574    3.0000    0.7993    0.7762    2.1436    1.3881    3.6051    0.2899  4.8626E-01    -88.3534  2.1289E-01
28995.1211    3.0000    0.7993    0.7759    2.1488    1.3915    3.6047    0.2905  4.8544E-01    -88.3534  2.0970E-01
28995.3809    3.0000    0.7993    0.7757    2.1541    1.3949    3.6043    0.2911  4.8463E-01    -88.3534  2.0654E-01
28995.6387    3.0000    0.7993    0.7755    2.1593    1.3983    3.6039    0.2917  4.8381E-01    -88.3534  2.0343E-01
28995.8926    3.0000    0.7993    0.7752    2.1645    1.4017    3.6035    0.2923  4.8298E-01    -88.3534  2.0036E-01
28996.1465    3.0000    0.7993    0.7750    2.1698    1.4052    3.6031    0.2928  4.8215E-01    -88.3534  1.9732E-01
28996.3965    3.0000    0.7993    0.7748    2.1750    1.4086    3.6027    0.2934  4.8132E-01    -88.3534  1.9433E-01
28996.6426    3.0000    0.7993    0.7745    2.1803    1.4120    3.6023    0.2940  4.8049E-01    -88.3534  1.9137E-01
28996.8887    3.0000    0.7993    0.7743    2.1855    1.4154    3.6019    0.2946  4.7965E-01    -88.3534  1.8846E-01
28997.1309    3.0000    0.7993    0.7740    2.1907    1.4189    3.6015    0.2952  4.7881E-01    -88.3534  1.8558E-01
28997.3711    3.0000    0.7993    0.7738    2.1960    1.4223    3.6011    0.2958  4.7796E-01    -88.3534  1.8274E-01
28997.6094    3.0000    0.7993    0.7735    2.2012    1.4257    3.6007    0.2964  4.7711E-01    -88.3534  1.7994E-01
28997.8438    3.0000    0.7993    0.7732    2.2064    1.4291    3.6003    0.2970  4.7625E-01    -88.3534  1.7717E-01
28998.0762    3.0000    0.7993    0.7730    2.2117    1.4326    3.5999    0.2976  4.7540E-01    -88.3534  1.7444E-01
28998.3066    3.0000    0.7993    0.7727    2.2169    1.4360    3.5995    0.2982  4.7453E-01    -88.3534  1.7175E-01
28998.5352    3.0000    0.7993    0.7725    2.2222    1.4395    3.5991    0.2988  4.7367E-01    -88.3534  1.6909E-01
28998.7617    3.0000    0.7993    0.7722    2.2274    1.4429    3.5987    0.2994  4.7280E-01    -88.3534  1.6647E-01
28998.9863    3.0000    0.7993    0.7719    2.2326    1.4463    3.5983    0.3000  4.7193E-01    -88.3534  1.6388E-01
28999.2070    3.0000    0.7993    0.7716    2.2379    1.4498    3.5978    0.3006  4.7105E-01    -88.3534  1.6133E-01
28999.4258    3.0000    0.7993    0.7714    2.2431    1.4532    3.5974    0.3012  4.7017E-01    -88.3534  1.5881E-01
28999.6445    3.0000    0.7993    0.7711    2.2483    1.4567    3.5970    0.3018  4.6928E-01    -88.3534  1.5632E-01
28999.8594    3.0000    0.7993    0.7708    2.2536    1.4601    3.5966    0.3024  4.6839E-01    -88.3534  1.5386E-01
29000.0723    3.0000    0.7993    0.7705    2.2588    1.4636    3.5962    0.3030  4.6750E-01    -88.3534  1.5144E-01
29000.2832    3.0000    0.7993    0.7702    2.2641    1.4670    3.5958    0.3036  4.6660E-01    -88.3534  1.4905E-01
29000.4902    3.0000    0.7993    0.7699    2.2693    1.4705    3.5953    0.3042  4.6570E-01    -88.3534  1.4669E-01
29000.6973    3.0000    0.7993    0.7696    2.2745    1.4740    3.5949    0.3049  4.6479E-01    -88.3534  1.4436E-01
29000.9023    3.0000    0.7993    0.7693    2.2798    1.4774    3.5945    0.3055  4.6388E-01    -88.3534  1.4207E-01
29001.1035    3.0000    0.7993    0.7690    2.2850    1.4809    3.5941    0.3061  4.6296E-01    -88.3534  1.3980E-01
29001.3047    3.0000    0.7993    0.7687    2.2903    1.4844    3.5937    0.3067  4.6204E-01    -88.3534  1.3756E-01
29001.5039    3.0000    0.7993    0.7684    2.2955    1.4878    3.5932    0.3073  4.6112E-01    -88.3534  1.3536E-01
29001.6992    3.0000    0.7993    0.7681    2.3007    1.4913    3.5928    0.3079  4.6019E-01    -88.3534  1.3318E-01
29001.8945    3.0000    0.7993    0.7678    2.3060    1.4948    3.5924    0.3086  4.5926E-01    -88.3534  1.3103E-01
29002.0859    3.0000    0.7993    0.7675    2.3112    1.4982    3.5919    0.3092  4.5832E-01    -88.3534  1.2891E-01
29002.2773    3.0000    0.7993    0.7672    2.3164    1.5017    3.5915    0.3098  4.5738E-01    -88.3534  1.2682E-01
29002.4648    3.0000    0.7993    0.7668    2.3217    1.5052    3.5911    0.3104  4.5643E-01    -88.3534  1.2476E-01
29002.6523    3.0000    0.7993    0.7665    2.3269    1.5087    3.5907    0.3110  4.5548E-01    -88.3534  1.2272E-01
29002.8379    3.0000    0.7993    0.7662    2.3322    1.5122    3.5902    0.3117  4.5452E-01    -88.3534  1.2071E-01
29003.0195    3.0000    0.7993    0.7659    2.3374    1.5156    3.5898    0.3123  4.5356E-01    -88.3534  1.1873E-01
29003.2012    3.0000    0.7993    0.7655    2.3426    1.5191    3.5894    0.3129  4.5259E-01    -88.3534  1.1677E-01
29003.3809    3.0000    0.7993    0.7652    2.3479    1.5226    3.5889    0.3136  4.5162E-01    -88.3534  1.1484E-01
29003.5586    3.0000    0.7993    0.7648    2.3531    1.5261    3.5885    0.3142  4.5065E-01    -88.3534  1.1294E-01
29003.7344    3.0000    0.7993    0.7645    2.3583    1.5296    3.5880    0.3148  4.4967E-01    -88.3534  1.1106E-01
29003.9082    3.0000    0.7993    0.7641    2.3636    1.5331    3.5876    0.3154  4.4868E-01    -88.3534  1.0921E-01
29004.0801    3.0000    0.7993    0.7638    2.3688    1.5366    3.5872    0.3161  4.4769E-01    -88.3534  1.0738E-01
29004.2520    3.0000    0.7993    0.7634    2.3741    1.5401    3.5867    0.3167  4.4670E-01    -88.3534  1.0558E-01
29004.4199    3.0000    0.7993    0.7631    2.3793    1.5436    3.5863    0.3174  4.4570E-01    -88.3534  1.0380E-01
29004.5879    3.0000    0.7993    0.7627    2.3845    1.5471    3.5858    0.3180  4.4469E-01    -88.3534  1.0204E-01
29004.7539    3.0000    0.7993    0.7623    2.3898    1.5506    3.5854    0.3186  4.4368E-01    -88.3534  1.0031E-01
29004.9160    3.0000    0.7993    0.7619    2.3950    1.5541    3.5850    0.3193  4.4266E-01    -88.3534  9.8601E-02
29005.0801    3.0000    0.7993    0.7616    2.4002    1.5576    3.5845    0.3199  4.4164E-01    -88.3534  9.6916E-02
29005.2402    3.0000    0.7993    0.7612    2.4055    1.5612    3.5841    0.3206  4.4062E-01    -88.3534  9.5253E-02
29005.3984    3.0000    0.7993    0.7608    2.4107    1.5647    3.5836    0.3212  4.3958E-01    -88.3534  9.3613E-02
29005.5566    3.0000    0.7993    0.7604    2.4160    1.5682    3.5832    0.3219  4.3855E-01    -88.3534  9.1995E-02
29005.7129    3.0000    0.7993    0.7600    2.4212    1.5717    3.5827    0.3225  4.3750E-01    -88.3534  9.0399E-02
29005.8672    3.0000    0.7993    0.7596    2.4264    1.5752    3.5823    0.3232  4.3646E-01    -88.3534  8.8825E-02
29006.0195    3.0000    0.7993    0.7592    2.4317    1.5788    3.5818    0.3238  4.3540E-01    -88.3534  8.7272E-02
29006.1699    3.0000    0.7993    0.7588    2.4369    1.5823    3.5814    0.3245  4.3434E-01    -88.3534  8.5740E-02
29006.3203    3.0000    0.7993    0.7584    2.4421    1.5858    3.5809    0.3251  4.3328E-01    -88.3534  8.4229E-02
29006.4688    3.0000    0.7993    0.7580    2.4474    1.5893    3.5804    0.3258  4.3221E-01    -88.3534  8.2739E-02
29006.6152    3.0000    0.7993    0.7575    2.4526    1.5929    3.5800    0.3264  4.3113E-01    -88.3534  8.1269E-02
29006.7598    3.0000    0.7993    0.7571    2.4579    1.5964    3.5795    0.3271  4.3005E-01    -88.3534  7.9819E-02
29006.9043    3.0000    0.7993    0.7567    2.4631    1.6000    3.5791    0.3277  4.2896E-01    -88.3534  7.8389E-02
29007.0469    3.0000    0.7993    0.7563    2.4683    1.6035    3.5786    0.3284  4.2786E-01    -88.3534  7.6978E-02
29007.1875    3.0000    0.7993    0.7558    2.4736    1.6070    3.5781    0.3291  4.2676E-01    -88.3534  7.5587E-02
29007.3262    3.0000    0.7993    0.7554    2.4788    1.6106    3.5777    0.3297  4.2566E-01    -88.3534  7.4215E-02
29007.4648    3.0000    0.7993    0.7549    2.4840    1.6141    3.5772    0.3304  4.2454E-01    -88.3534  7.2862E-02
29007.6016    3.0000    0.7993    0.7545    2.4893    1.6177    3.5768    0.3310  4.2342E-01    -88.3534  7.1528E-02
29007.7383    3.0000    0.7993    0.7540    2.4945    1.6212    3.5763    0.3317  4.2230E-01    -88.3534  7.0212E-02
29007.8711    3.0000    0.7993    0.7535    2.4998    1.6248    3.5758    0.3324  4.2117E-01    -88.3534  6.8914E-02
29008.0039    3.0000    0.7993    0.7531    2.5050    1.6283    3.5753    0.3330  4.2003E-01    -88.3534  6.7635E-02
29008.1348    3.0000    0.7993    0.7526    2.5102    1.6319    3.5749    0.3337  4.1889E-01    -88.3534  6.6373E-02
29008.2656    3.0000    0.7993    0.7521    2.5155    1.6355    3.5744    0.3344  4.1773E-01    -88.3534  6.5129E-02
29008.3945    3.0000    0.7993    0.7516    2.5207    1.6390    3.5739    0.3351  4.1658E-01    -88.3534  6.3902E-02
29008.5215    3.0000    0.7993    0.7511    2.5259    1.6426    3.5735    0.3357  4.1541E-01    -88.3534  6.2692E-02
29008.6484    3.0000    0.7993    0.7506    2.5312    1.6462    3.5730    0.3364  4.1424E-01    -88.3534  6.1499E-02
29008.7734    3.0000    0.7993    0.7501    2.5364    1.6497    3.5725    0.3371  4.1306E-01    -88.3534  6.0323E-02
29008.8965    3.0000    0.7993    0.7496    2.5417    1.6533    3.5720    0.3378  4.1188E-01    -88.3534  5.9163E-02
29009.0195    3.0000    0.7993    0.7491    2.5469    1.6569    3.5716    0.3384  4.1069E-01    -88.3534  5.8020E-02
29009.1406    3.0000    0.7993    0.7486    2.5521    1.6605    3.5711    0.3391  4.0949E-01    -88.3534  5.6893E-02
29009.2598    3.0000    0.7993    0.7481    2.5574    1.6640    3.5706    0.3398  4.0828E-01    -88.3534  5.5781E-02
29009.3789    3.0000    0.7993    0.7476    2.5626    1.6676    3.5701    0.3405  4.0707E-01    -88.3534  5.4686E-02
29009.4961    3.0000    0.7993    0.7470    2.5679    1.6712    3.5696    0.3412  4.0585E-01    -88.3534  5.3606E-02
29009.6133    3.0000    0.7993    0.7465    2.5731    1.6748    3.5691    0.3419  4.0462E-01    -88.3534  5.2542E-02
29009.7285    3.0000    0.7993    0.7459    2.5783    1.6784    3.5687    0.3425  4.0339E-01    -88.3534  5.1492E-02
29009.8418    3.0000    0.7993    0.7454    2.5836    1.6820    3.5682    0.3432  4.0215E-01    -88.3534  5.0458E-02
29009.9551    3.0000    0.7993    0.7448    2.5888    1.6856    3.5677    0.3439  4.0090E-01    -88.3534  4.9439E-02
29010.0684    3.0000    0.7993    0.7443    2.5940    1.6892    3.5672    0.3446  3.9964E-01    -88.3534  4.8434E-02
29010.1777    3.0000    0.7993    0.7437    2.5993    1.6928    3.5667    0.3453  3.9838E-01    -88.3534  4.7444E-02
29010.2871    3.0000    0.7993    0.7431    2.6045    1.6964    3.5662    0.3460  3.9710E-01    -88.3534  4.6468E-02
29010.3965    3.0000    0.7993    0.7425    2.6098    1.7000    3.5657    0.3467  3.9582E-01    -88.3534  4.5506E-02
29010.5039    3.0000    0.7993    0.7419    2.6150    1.7036    3.5652    0.3474  3.9454E-01    -88.3534  4.4558E-02
29010.6113    3.0000    0.7993    0.7413    2.6202    1.7072    3.5647    0.3481  3.9324E-01    -88.3534  4.3625E-02
29010.7148    3.0000    0.7993    0.7407    2.6255    1.7108    3.5642    0.3488  3.9194E-01    -88.3534  4.2704E-02
29010.8203    3.0000    0.7993    0.7401    2.6307    1.7144    3.5637    0.3495  3.9062E-01    -88.3534  4.1798E-02
29010.9238    3.0000    0.7993    0.7395    2.6359    1.7180    3.5632    0.3502  3.8930E-01    -88.3534  4.0905E-02
29011.0254    3.0000    0.7993    0.7389    2.6412    1.7216    3.5627    0.3509  3.8797E-01    -88.3534  4.0025E-02
29011.1270    3.0000    0.7993    0.7383    2.6464    1.7253    3.5622    0.3516  3.8664E-01    -88.3534  3.9158E-02
29011.2266    3.0000    0.7993    0.7376    2.6517    1.7289    3.5617    0.3523  3.8529E-01    -88.3534  3.8304E-02
29011.3262    3.0000    0.7993    0.7370    2.6569    1.7325    3.5612    0.3530  3.8394E-01    -88.3534  3.7463E-02
29011.4238    3.0000    0.7993    0.7363    2.6621    1.7362    3.5607    0.3537  3.8257E-01    -88.3534  3.6634E-02
29011.5215    3.0000    0.7993    0.7357    2.6674    1.7398    3.5602    0.3545  3.8120E-01    -88.3534  3.5818E-02
29011.6172    3.0000    0.7993    0.7350    2.6726    1.7434    3.5597    0.3552  3.7982E-01    -88.3534  3.5015E-02
29011.7129    3.0000    0.7993    0.7343    2.6778    1.7471    3.5592    0.3559  3.7843E-01    -88.3534  3.4223E-02
29011.8066    3.0000    0.7993    0.7336    2.6831    1.7507    3.5587    0.3566  3.7703E-01    -88.3534  3.3444E-02
29011.9004    3.0000    0.7993    0.7329    2.6883    1.7543    3.5582    0.3573  3.7562E-01    -88.3534  3.2677E-02
29011.9922    3.0000    0.7993    0.7322    2.6936    1.7580    3.5577    0.3580  3.7420E-01    -88.3534  3.1921E-02
29012.0840    3.0000    0.7993    0.7315    2.6988    1.7616    3.5572    0.3588  3.7278E-01    -88.3534  3.1178E-02
29012.1738    3.0000    0.7993    0.7308    2.7040    1.7653    3.5566    0.3595  3.7134E-01    -88.3534  3.0446E-02
29012.2637    3.0000    0.7993    0.7301    2.7093    1.7689    3.5561    0.3602  3.6989E-01    -88.3534  2.9725E-02
29012.3535    3.0000    0.7993    0.7294    2.7145    1.7726    3.5556    0.3609  3.6844E-01    -88.3534  2.9016E-02
29012.4414    3.0000    0.7993    0.7286    2.7197    1.7763    3.5551    0.3617  3.6697E-01    -88.3534  2.8318E-02
29012.5273    3.0000    0.7993    0.7279    2.7250    1.7799    3.5546    0.3624  3.6549E-01    -88.3534  2.7631E-02
29012.6152    3.0000    0.7993    0.7271    2.7302    1.7836    3.5540    0.3631  3.6401E-01    -88.3534  2.6955E-02
29012.6992    3.0000    0.7993    0.7264    2.7355    1.7873    3.5535    0.3638  3.6251E-01    -88.3534  2.6290E-02
29012.7832    3.0000    0.7993    0.7256    2.7407    1.7909    3.5530    0.3646  3.6101E-01    -88.3534  2.5636E-02
29012.8672    3.0000    0.7993    0.7248    2.7459    1.7946    3.5525    0.3653  3.5949E-01    -88.3534  2.4993E-02
29012.9512    3.0000    0.7993    0.7240    2.7512    1.7983    3.5519    0.3660  3.5796E-01    -88.3534  2.4360E-02
29013.0332    3.0000    0.7993    0.7232    2.7564    1.8020    3.5514    0.3668  3.5642E-01    -88.3534  2.3738E-02
29013.1133    3.0000    0.7993    0.7224    2.7616    1.8056    3.5509    0.3675  3.5487E-01    -88.3534  2.3126E-02
29013.1934    3.0000    0.7993    0.7216    2.7669    1.8093    3.5503    0.3683  3.5331E-01    -88.3534  2.2524E-02
29013.2734    3.0000    0.7993    0.7207    2.7721    1.8130    3.5498    0.3690  3.5174E-01    -88.3534  2.1932E-02
29013.3516    3.0000    0.7993    0.7199    2.7774    1.8167    3.5493    0.3697  3.5016E-01    -88.3534  2.1351E-02
29013.4297    3.0000    0.7993    0.7190    2.7826    1.8204    3.5487    0.3705  3.4856E-01    -88.3534  2.0780E-02
29013.5059    3.0000    0.7993    0.7182    2.7878    1.8241    3.5482    0.3712  3.4696E-01    -88.3534  2.0218E-02
29013.5840    3.0000    0.7993    0.7173    2.7931    1.8278    3.5476    0.3720  3.4534E-01    -88.3534  1.9666E-02
29013.6582    3.0000    0.7993    0.7164    2.7983    1.8315    3.5471    0.3727  3.4371E-01    -88.3534  1.9124E-02
29013.7344    3.0000    0.7993    0.7155    2.8036    1.8352    3.5466    0.3735  3.4207E-01    -88.3534  1.8592E-02
29013.8086    3.0000    0.7993    0.7146    2.8088    1.8389    3.5460    0.3742  3.4042E-01    -88.3534  1.8069E-02
29013.8809    3.0000    0.7993    0.7137    2.8140    1.8426    3.5455    0.3750  3.3876E-01    -88.3534  1.7555E-02
29013.9531    3.0000    0.7993    0.7128    2.8193    1.8463    3.5449    0.3757  3.3708E-01    -88.3534  1.7051E-02
29014.0254    3.0000    0.7993    0.7119    2.8245    1.8501    3.5444    0.3765  3.3539E-01    -88.3534  1.6556E-02
29014.0977    3.0000    0.7993    0.7109    2.8297    1.8538    3.5438    0.3772  3.3369E-01    -88.3534  1.6071E-02
29014.1680    3.0000    0.7993    0.7100    2.8350    1.8575    3.5433    0.3780  3.3197E-01    -88.3534  1.5594E-02
29014.2363    3.0000    0.7993    0.7090    2.8402    1.8612    3.5427    0.3788  3.3024E-01    -88.3534  1.5127E-02
29014.3066    3.0000    0.7993    0.7080    2.8455    1.8650    3.5421    0.3795  3.2850E-01    -88.3534  1.4668E-02
29014.3750    3.0000    0.7993    0.7070    2.8507    1.8687    3.5416    0.3803  3.2674E-01    -88.3534  1.4219E-02
29014.4414    3.0000    0.7993    0.7060    2.8559    1.8724    3.5410    0.3811  3.2498E-01    -88.3534  1.3778E-02
29014.5098    3.0000    0.7993    0.7050    2.8612    1.8762    3.5405    0.3818  3.2319E-01    -88.3534  1.3346E-02
29014.5762    3.0000    0.7993    0.7040    2.8664    1.8799    3.5399    0.3826  3.2140E-01    -88.3534  1.2922E-02
29014.6406    3.0000    0.7993    0.7029    2.8716    1.8837    3.5393    0.3834  3.1959E-01    -88.3534  1.2507E-02
29014.7051    3.0000    0.7993    0.7019    2.8769    1.8874    3.5388    0.3841  3.1776E-01    -88.3534  1.2101E-02
29014.7695    3.0000    0.7993    0.7008    2.8821    1.8912    3.5382    0.3849  3.1592E-01    -88.3534  1.1703E-02
29014.8340    3.0000    0.7993    0.6998    2.8874    1.8950    3.5376    0.3857  3.1407E-01    -88.3534  1.1313E-02
29014.8965    3.0000    0.7993    0.6987    2.8926    1.8987    3.5371    0.3865  3.1220E-01    -88.3534  1.0932E-02
29014.9590    3.0000    0.7993    0.6976    2.8978    1.9025    3.5365    0.3872  3.1032E-01    -88.3534  1.0558E-02
29015.0215    3.0000    0.7993    0.6964    2.9031    1.9063    3.5359    0.3880  3.0842E-01    -88.3534  1.0193E-02
29015.0820    3.0000    0.7993    0.6953    2.9083    1.9100    3.5353    0.3888  3.0651E-01    -88.3534  9.8364E-03
29015.1426    3.0000    0.7993    0.6942    2.9135    1.9138    3.5347    0.3896  3.0458E-01    -88.3534  9.4875E-03
29015.2031    3.0000    0.7993    0.6930    2.9188    1.9176    3.5342    0.3904  3.0263E-01    -88.3534  9.1465E-03
29015.2617    3.0000    0.7993    0.6918    2.9240    1.9214    3.5336    0.3911  3.0067E-01    -88.3534  8.8133E-03
29015.3223    3.0000    0.7993    0.6906    2.9293    1.9252    3.5330    0.3919  2.9869E-01    -88.3534  8.4880E-03
29015.3789    3.0000    0.7993    0.6894    2.9345    1.9290    3.5324    0.3927  2.9670E-01    -88.3534  8.1703E-03
29015.4375    3.0000    0.7993    0.6882    2.9397    1.9328    3.5318    0.3935  2.9469E-01    -88.3534  7.8604E-03
29015.4941    3.0000    0.7993    0.6870    2.9450    1.9366    3.5312    0.3943  2.9266E-01    -88.3534  7.5580E-03
29015.5508    3.0000    0.7993    0.6857    2.9502    1.9404    3.5306    0.3951  2.9062E-01    -88.3534  7.2632E-03
29015.6074    3.0000    0.7993    0.6844    2.9554    1.9442    3.5300    0.3959  2.8855E-01    -88.3534  6.9758E-03
29015.6621    3.0000    0.7993    0.6832    2.9607    1.9480    3.5294    0.3967  2.8647E-01    -88.3534  6.6957E-03
29015.7168    3.0000    0.7993    0.6819    2.9659    1.9518    3.5288    0.3975  2.8437E-01    -88.3534  6.4230E-03
29015.7715    3.0000    0.7993    0.6805    2.9712    1.9556    3.5282    0.3983  2.8226E-01    -88.3534  6.1576E-03
29015.8242    3.0000    0.7993    0.6792    2.9764    1.9595    3.5276    0.3991  2.8012E-01    -88.3534  5.8993E-03
29015.8789    3.0000    0.7993    0.6779    2.9816    1.9633    3.5270    0.3999  2.7797E-01    -88.3534  5.6481E-03
29015.9297    3.0000    0.7993    0.6765    2.9869    1.9671    3.5264    0.4007  2.7580E-01    -88.3534  5.4040E-03
29015.9824    3.0000    0.7993    0.6751    2.9921    1.9710    3.5258    0.4015  2.7360E-01    -88.3534  5.1668E-03
29016.0352    3.0000    0.7993    0.6737    2.9973    1.9748    3.5252    0.4023  2.7139E-01    -88.3534  4.9365E-03
29016.0859    3.0000    0.7993    0.6723    3.0026    1.9787    3.5246    0.4031  2.6916E-01    -88.3534  4.7129E-03
29016.1367    3.0000    0.7993    0.6708    3.0078    1.9825    3.5240    0.4039  2.6691E-01    -88.3534  4.4962E-03
29016.1855    3.0000    0.7993    0.6694    3.0131    1.9864    3.5233    0.4047  2.6464E-01    -88.3534  4.2860E-03
29016.2363    3.0000    0.7993    0.6679    3.0183    1.9903    3.5227    0.4056  2.6234E-01    -88.3534  4.0825E-03
29016.2852    3.0000    0.7993    0.6664    3.0235    1.9941    3.5221    0.4064  2.6003E-01    -88.3534  3.8854E-03
29016.3340    3.0000    0.7993    0.6649    3.0288    1.9980    3.5215    0.4072  2.5769E-01    -88.3534  3.6947E-03
29016.3809    3.0000    0.7993    0.6633    3.0340    2.0019    3.5208    0.4080  2.5533E-01    -88.3534  3.5104E-03
29016.4297    3.0000    0.7993    0.6618    3.0393    2.0058    3.5202    0.4088  2.5295E-01    -88.3534  3.3323E-03
29016.4766    3.0000    0.7993    0.6602    3.0445    2.0097    3.5196    0.4097  2.5055E-01    -88.3534  3.1603E-03
29016.5234    3.0000    0.7993    0.6586    3.0497    2.0136    3.5189    0.4105  2.4813E-01    -88.3534  2.9944E-03
29016.5684    3.0000    0.7993    0.6570    3.0550    2.0175    3.5183    0.4113  2.4568E-01    -88.3534  2.8345E-03
29016.6152    3.0000    0.7993    0.6553    3.0602    2.0214    3.5176    0.4121  2.4320E-01    -88.3534  2.6805E-03
29016.6602    3.0000    0.7993    0.6537    3.0654    2.0253    3.5170    0.4130  2.4071E-01    -88.3534  2.5322E-03
29016.7051    3.0000    0.7993    0.6520    3.0707    2.0292    3.5163    0.4138  2.3819E-01    -88.3534  2.3897E-03
29016.7500    3.0000    0.7993    0.6503    3.0759    2.0331    3.5157    0.4146  2.3564E-01    -88.3534  2.2527E-03
29016.7930    3.0000    0.7993    0.6485    3.0812    2.0371    3.5150    0.4155  2.3307E-01    -88.3534  2.1213E-03
29016.8359    3.0000    0.7993    0.6468    3.0864    2.0410    3.5144    0.4163  2.3047E-01    -88.3534  1.9952E-03
29016.8789    3.0000    0.7993    0.6450    3.0916    2.0449    3.5137    0.4171  2.2785E-01    -88.3534  1.8744E-03
29016.9219    3.0000    0.7993    0.6432    3.0969    2.0489    3.5130    0.4180  2.2520E-01    -88.3534  1.7588E-03
29016.9648    3.0000    0.7993    0.6413    3.1021    2.0529    3.5124    0.4188  2.2252E-01    -88.3534  1.6483E-03
29017.0059    3.0000    0.7993    0.6395    3.1073    2.0568    3.5117    0.4197  2.1982E-01    -88.3534  1.5427E-03
29017.0469    3.0000    0.7993    0.6376    3.1126    2.0608    3.5110    0.4205  2.1709E-01    -88.3534  1.4420E-03
29017.0879    3.0000    0.7993    0.6357    3.1178    2.0648    3.5103    0.4213  2.1433E-01    -88.3534  1.3460E-03
29017.1289    3.0000    0.7993    0.6337    3.1231    2.0687    3.5097    0.4222  2.1154E-01    -88.3534  1.2547E-03
29017.1699    3.0000    0.7993    0.6318    3.1283    2.0727    3.5090    0.4230  2.0872E-01    -88.3534  1.1678E-03
29017.2090    3.0000    0.7993    0.6298    3.1335    2.0767    3.5083    0.4239  2.0587E-01    -88.3534  1.0854E-03
29017.2480    3.0000    0.7993    0.6277    3.1388    2.0807    3.5076    0.4247  2.0299E-01    -88.3534  1.0072E-03
29017.2871    3.0000    0.7993    0.6257    3.1440    2.0848    3.5069    0.4256  2.0008E-01    -88.3534  9.3312E-04
29017.3262    3.0000    0.7993    0.6236    3.1492    2.0888    3.5062    0.4265  1.9713E-01    -88.3534  8.6310E-04
29017.3633    3.0000    0.7993    0.6215    3.1545    2.0928    3.5055    0.4273  1.9416E-01    -88.3534  7.9698E-04
29017.4023    3.0000    0.7993    0.6193    3.1597    2.0968    3.5048    0.4282  1.9115E-01    -88.3534  7.3463E-04
29017.4395    3.0000    0.7993    0.6171    3.1650    2.1009    3.5041    0.4290  1.8811E-01    -88.3534  6.7593E-04
29017.4766    3.0000    0.7993    0.6149    3.1702    2.1049    3.5034    0.4299  1.8503E-01    -88.3534  6.2075E-04
29017.5137    3.0000    0.7993    0.6127    3.1754    2.1090    3.5026    0.4308  1.8192E-01    -88.3534  5.6897E-04
29017.5488    3.0000    0.7993    0.6104    3.1807    2.1131    3.5019    0.4316  1.7877E-01    -88.3534  5.2046E-04
29017.5859    3.0000    0.7993    0.6081    3.1859    2.1171    3.5012    0.4325  1.7559E-01    -88.3534  4.7509E-04
29017.6211    3.0000    0.7993    0.6057    3.1911    2.1212    3.5004    0.4334  1.7237E-01    -88.3534  4.3274E-04
29017.6562    3.0000    0.7993    0.6033    3.1964    2.1253    3.4997    0.4342  1.6911E-01    -88.3534  3.9327E-04
29017.6914    3.0000    0.7993    0.6009    3.2016    2.1294    3.4990    0.4351  1.6581E-01    -88.3534  3.5657E-04
29017.7246    3.0000    0.7993    0.5985    3.2069    2.1336    3.4982    0.4360  1.6247E-01    -88.3534  3.2251E-04
29017.7598    3.0000    0.7993    0.5960    3.2121    2.1377    3.4975    0.4369  1.5910E-01    -88.3534  2.9096E-04
29017.7930    3.0000    0.7993    0.5934    3.2173    2.1418    3.4967    0.4377  1.5568E-01    -88.3534  2.6180E-04
29017.8262    3.0000    0.7993    0.5908    3.2226    2.1460    3.4959    0.4386  1.5222E-01    -88.3534  2.3491E-04
29017.8594    3.0000    0.7993    0.5882    3.2278    2.1501    3.4952    0.4395  1.4871E-01    -88.3534  2.1018E-04
29017.8926    3.0000    0.7993    0.5856    3.2330    2.1543    3.4944    0.4404  1.4516E-01    -88.3534  1.8748E-04
29017.9258    3.0000    0.7993    0.5828    3.2383    2.1585    3.4936    0.4413  1.4157E-01    -88.3534  1.6670E-04
29017.9570    3.0000    0.7993    0.5801    3.2435    2.1627    3.4928    0.4422  1.3793E-01    -88.3534  1.4773E-04
29017.9883    3.0000    0.7993    0.5773    3.2488    2.1669    3.4920    0.4431  1.3424E-01    -88.3534  1.3045E-04
29018.0215    3.0000    0.7993    0.5745    3.2540    2.1711    3.4912    0.4439  1.3050E-01    -88.3534  1.1477E-04
29018.0527    3.0000    0.7993    0.5716    3.2592    2.1753    3.4904    0.4448  1.2672E-01    -88.3534  1.0057E-04
29018.0820    3.0000    0.7993    0.5686    3.2645    2.1796    3.4896    0.4457  1.2288E-01    -88.3534  8.7765E-05
29018.1133    3.0000    0.7993    0.5656    3.2697    2.1838    3.4888    0.4466  1.1899E-01    -88.3534  7.6245E-05
29018.1445    3.0000    0.7993    0.5626    3.2750    2.1881    3.4880    0.4475  1.1505E-01    -88.3534  6.5922E-05
29018.1738    3.0000    0.7993    0.5595    3.2802    2.1921    3.4873    0.4484  1.1040E-01    -88.3534  5.6970E-05
29018.2031    3.0000    0.7993    0.5563    3.2854    2.1950    3.4871    0.4493  1.0376E-01    -88.3534  4.9673E-05
29018.2324    3.0000    0.7993    0.5531    3.2907    2.1979    3.4870    0.4502  9.7199E-02    -88.3534  4.3019E-05
29018.2617    3.0000    0.7993    0.5499    3.2959    2.2006    3.4869    0.4511  9.0708E-02    -88.3534  3.6977E-05
29018.2910    3.0000    0.7993    0.5466    3.3011    2.2034    3.4869    0.4521  8.4302E-02    -88.3534  3.1518E-05
29018.3184    3.0000    0.7993    0.5433    3.3064    2.2060    3.4869    0.4530  7.7991E-02    -88.3534  2.6611E-05
29018.3477    3.0000    0.7993    0.5399    3.3116    2.2085    3.4869    0.4539  7.1784E-02    -88.3534  2.2226E-05
29018.3750    3.0000    0.7993    0.5365    3.3169    2.2109    3.4870    0.4548  6.5694E-02    -88.3534  1.8334E-05
29018.4023    3.0000    0.7993    0.5330    3.3221    2.2131    3.4872    0.4557  5.9732E-02    -88.3534  1.4906E-05
29018.4297    3.0000    0.7993    0.5295    3.3273    2.2153    3.4875    0.4566  5.3912E-02    -88.3534  1.1914E-05
29018.4570    3.0000    0.7993    0.5259    3.3326    2.2172    3.4878    0.4575  4.8250E-02    -88.3534  9.3304E-06
29018.4844    3.0000    0.7993    0.5223    3.3378    2.2189    3.4883    0.4585  4.2760E-02    -88.3534  7.1279E-06
29018.5117    3.0000    0.7993    0.5186    3.3430    2.2203    3.4889    0.4594  3.7461E-02    -88.3534  5.2801E-06
29018.5371    3.0000    0.7993    0.5149    3.3483    2.2215    3.4896    0.4603  3.2371E-02    -88.3534  3.7609E-06
29018.5625    3.0000    0.7993    0.5111    3.3535    2.2222    3.4905    0.4612  2.7510E-02    -88.3534  2.5444E-06
29018.5898    3.0000    0.7993    0.5073    3.3587    2.2225    3.4917    0.4622  2.2901E-02    -88.3534  1.6044E-06
29018.6152    3.0000    0.7993    0.5035    3.3640    2.2221    3.4932    0.4631  1.8566E-02    -88.3534  9.1372E-07
29018.6406    3.0000    0.7993    0.4996    3.3692    2.2207    3.4952    0.4640  1.4531E-02    -88.3534  4.4338E-07
29018.6641    3.0000    0.7993    0.4957    3.3744    2.2181    3.4978    0.4650  1.0818E-02    -88.3534  1.6066E-07
29018.6895    3.0000    0.7993    0.4918    3.3796    2.2131    3.5016    0.4659  7.4559E-03    -88.3534  2.6998E-08
29018.7148    3.0000    0.7993    0.4879    3.3848    2.2039    3.5075    0.4668  4.4765E-03    -88.3534  2.3756E-12
29018.7383    3.0000    0.7993    0.4841    3.3898    2.1843    3.5186    0.4678  1.9672E-03    -88.3534  4.3199E-12
29018.7617    3.0000    0.7993    0.4803    3.3945    2.1319    3.5459    0.4687  2.9229E-04    -88.3534  1.4129E-11
29018.7871    3.0000    0.7993    0.4770    3.3970    1.9305    3.6473    0.4697  1.0000E-10    -88.3534  1.2042E-10
29018.7949    3.0000    0.7993    0.4762    3.3966    1.7761    3.7244    0.4700  1.0000E-10    -88.3534  2.7950E-10
29018.8008    3.0000    0.7993    0.4759    3.3958    1.6625    3.7810    0.4702  1.0000E-10    -88.3534  5.0259E-10
29018.8047    3.0000    0.7993    0.4757    3.3950    1.5626    3.8307    0.4704  1.0000E-10    -88.3534  8.3096E-10
29018.8086    3.0000    0.7993    0.4756    3.3941    1.4701    3.8767    0.4705  1.0000E-10    -88.3534  1.3127E-09
29018.8105    3.0000    0.7993    0.4755    3.3932    1.3929    3.9151    0.4706  1.0000E-10    -88.3534  1.9126E-09
29018.8145    3.0000    0.7993    0.4754    3.3922    1.3123    3.9551    0.4708  1.0000E-10    -88.3534  2.8191E-09
29018.8164    3.0000    0.7993    0.4753    3.3910    1.2285    3.9968    0.4709  1.0000E-10    -88.3534  4.1984E-09
29018.8203    3.0000    0.7993    0.4753    3.3896    1.1414    4.0400    0.4710  1.0000E-10    -88.3534  6.3075E-09
29018.8223    3.0000    0.7993    0.4752    3.3880    1.0510    4.0848    0.4711  1.0000E-10    -88.3534  9.5383E-09
29018.8262    3.0000    0.7993    0.4752    3.3862    0.9572    4.1313    0.4712  1.0000E-10    -88.3534  1.4467E-08
29018.8281    3.0000    0.7993    0.4752    3.3841    0.8552    4.1817    0.4714  1.0000E-10    -88.3534  2.2293E-08
29018.8320    3.0000    0.7993    0.4751    3.3814    0.7447    4.2362    0.4715  1.0000E-10    -88.3534  3.4442E-08
29018.8340    3.0000    0.7993    0.4751    3.3781    0.6255    4.2950    0.4716  1.0000E-10    -88.3534  5.2191E-08
29018.8379    3.0000    0.7993    0.4751    3.3742    0.4975    4.3581    0.4717  1.0000E-10    -88.3534  7.5263E-08
29018.8398    3.0000    0.7993    0.4750    3.3694    0.3608    4.4252    0.4718  1.0000E-10    -88.3534  1.0026E-07
29018.8438    3.0000    0.7993    0.4750    3.3635    0.2158    4.4962    0.4720  1.0000E-10    -88.3534  1.2161E-07
29018.8457    3.0000    0.7993    0.4750    3.3562    0.0635    4.5706    0.4721  1.0000E-10    -88.3534  1.3549E-07
29018.8496    3.0000    0.7993    0.4749    3.3473   -0.0951    4.6476    0.4722  1.0000E-10    -88.3534  1.4192E-07
29018.8516    3.0000    0.7993    0.4749    3.3363   -0.2581    4.7264    0.4723  1.0000E-10    -88.3534  1.4308E-07
29018.8555    3.0000    0.7993    0.4749    3.3227   -0.4236    4.8057    0.4724  1.0000E-10    -88.3534  1.4119E-07
29018.8574    3.0000    0.7993    0.4749    3.3056   -0.5889    4.8841    0.4726  1.0000E-10    -88.3534  1.3778E-07
29018.8613    3.0000    0.7993    0.4748    3.2843   -0.7513    4.9600    0.4727  1.0000E-10    -88.3534  1.3373E-07
29018.8633    3.0000    0.7993    0.4748    3.2574   -0.9078    5.0315    0.4728  1.0000E-10    -88.3534  1.2959E-07
29018.8672    3.0000    0.7993    0.4748    3.2237   -1.0557    5.0970    0.4729  1.0000E-10    -88.3534  1.2575E-07
29018.8691    3.0000    0.7993    0.4748    3.1811   -1.1924    5.1547    0.4730  1.0000E-10    -88.3534  1.4436E-07
29018.8730    3.0000    0.7993    0.4748    3.1276   -1.3159    5.2031    0.4732  1.0000E-10    -88.3534  1.8790E-07
29018.8750    3.0000    0.7993    0.4747    3.0605   -1.4250    5.2409    0.4733  1.0000E-10    -88.3534  2.2133E-07
29018.8789    3.0000    0.7993    0.4747    2.9775   -1.5191    5.2672    0.4734  1.0000E-10    -88.3534  2.4601E-07
29018.8809    3.0000    0.7993    0.4747    2.8761   -1.5983    5.2815    0.4735  1.0000E-10    -88.3534  2.6678E-07
29018.8848    3.0000    0.7993    0.4747    2.7554   -1.6635    5.2839    0.4736  1.0000E-10    -88.3534  2.8835E-07
29018.8867    3.0000    0.7993    0.4747    2.6167   -1.7157    5.2753    0.4738  1.0000E-10    -88.3534  3.1469E-07
29018.9082   10.0000    0.4747    0.4747    1.9435   -1.8348    5.1665    0.4747  1.0000E-10  29018.9082  4.6870E-06
29019.1328   10.0000    0.4747    0.4747    1.3429   -1.8348    5.0164    0.4747  1.0000E-10  29018.9082  4.6870E-06
29021.3613   10.0000    0.4747    0.4747    0.2835   -1.8348    4.7515    0.4747  1.0000E-10  29018.9082  4.6870E-06
29043.6445   10.0000    0.4747    0.4747   -0.8827   -1.8348    4.4600    0.4747  1.0000E-10  29018.9082  4.6870E-06
29266.4941   10.0000    0.4747    0.4747   -2.0613   -1.8348    4.1653    0.4747  1.0000E-10  29018.9082  4.6870E-06
29766.4941   10.0000    0.4747    0.4747   -2.6275   -1.8348    4.0238    0.4747  1.0000E-10  29018.9082  4.6870E-06
30000.0000   10.0000    0.4747    0.4747   -2.7668   -1.8348    3.9890    0.4747  1.0000E-10  29018.9082  4.6870E-06