 Tev(Myr)    type      Mo        Mt      log10(L)  log10(R) log10(Teff)  Mc        Menv              epoch      spin                                  
    0.0000    1.0000    8.0000    8.0000    3.4286    0.5387    4.3511    0.0000  1.0000E-10      0.0000  3.1333E+03
    1.8575    1.0000    8.0000    8.0000    3.4384    0.5493    4.3482    0.0000  1.0000E-10      0.0000  3.0556E+03
    3.7150    1.0000    8.0000    8.0000    3.4493    0.5599    4.3456    0.0000  1.0000E-10      0.0000  2.9783E+03
    5.5725    1.0000    8.0000    8.0000    3.4614    0.5708    4.3432    0.0000  1.0000E-10      0.0000  2.9007E+03
    7.4300    1.0000    8.0000    8.0000    3.4745    0.5820    4.3409    0.0000  1.0000E-10      0.0000  2.8221E+03
    9.2875    1.0000    8.0000    8.0000    3.4888    0.5937    4.3386    0.0000  1.0000E-10      0.0000  2.7420E+03
   11.1450    1.0000    8.0000    8.0000    3.5041    0.6058    4.3364    0.0000  1.0000E-10      0.0000  2.6597E+03
   13.0025    1.0000    8.0000    8.0000    3.5206    0.6186    4.3341    0.0000  1.0000E-10      0.0000  2.5749E+03
   14.8599    1.0000    8.0000    8.0000    3.5381    0.6321    4.3318    0.0000  1.0000E-10      0.0000  2.4870E+03
   16.7174    1.0000    8.0000    8.0000    3.5567    0.6464    4.3293    0.0000  1.0000E-10      0.0000  2.3956E+03
   18.5749    1.0000    8.0000    8.0000    3.5765    0.6617    4.3265    0.0000  1.0000E-10      0.0000  2.3004E+03
   20.4324    1.0000    8.0000    8.0000    3.5973    0.6782    4.3235    0.0000  1.0000E-10      0.0000  2.2007E+03
   22.2899    1.0000    8.0000    8.0000    3.6193    0.6960    4.3201    0.0000  1.0000E-10      0.0000  2.0960E+03
   24.1474    1.0000    7.9991    7.9991    3.6422    0.7155    4.3161    0.0000  1.0000E-10     -0.0051  1.9825E+03
   26.0053    1.0000    7.9967    7.9967    3.6659    0.7372    4.3112    0.0000  1.0000E-10     -0.0196  1.8572E+03
   27.8644    1.0000    7.9932    7.9932    3.6905    0.7618    4.3050    0.0000  1.0000E-10     -0.0421  1.7192E+03
   29.7250    1.0000    7.9893    7.9893    3.7161    0.7908    4.2969    0.0000  1.0000E-10     -0.0693  1.5671E+03
   31.5875    1.0000    7.9849    7.9849    3.7426    0.8260    4.2860    0.0000  1.0000E-10     -0.1024  1.3964E+03
   33.3085    1.0000    7.9802    7.9802    3.7680    0.8665    4.2720    0.0000  1.0000E-10     -0.1398  1.2182E+03
   34.6766    1.0000    7.9759    7.9759    3.7887    0.9064    4.2573    0.0000  1.0000E-10     -0.1762  1.0607E+03
   35.8007    1.0000    7.9718    7.9718    3.8061    0.9459    4.2418    0.0000  1.0000E-10     -0.2119  9.2112E+02
   37.2015    1.0000    7.9661    7.9661    3.9116    0.9106    4.2859    0.0000  1.0000E-10     -0.2639  1.0224E+03
   37.2035    1.0000    7.9661    7.9661    3.9126    0.9091    4.2868    0.0000  1.0000E-10     -0.2640  1.0274E+03
   37.2035    2.0000    7.9661    7.9661    3.9126    0.9092    4.2868    1.5834  1.0000E-10     -0.2640  1.2797E+03
   37.2074    2.0000    7.9661    7.9661    3.9039    0.9502    4.2642    1.5845  1.0000E-10     -0.2642  1.1162E+03
   37.2112    2.0000    7.9660    7.9660    3.8952    0.9912    4.2415    1.5856  1.0000E-10     -0.2644  9.7004E+02
   37.2151    2.0000    7.9660    7.9660    3.8865    1.0322    4.2188    1.5867  1.0000E-10     -0.2646  8.4001E+02
   37.2189    2.0000    7.9660    7.9660    3.8779    1.0732    4.1961    1.5878  1.0000E-10     -0.2649  7.2499E+02
   37.2228    2.0000    7.9660    7.9660    3.8692    1.1142    4.1735    1.5889  1.0000E-10     -0.2651  6.2377E+02
   37.2266    2.0000    7.9659    7.9659    3.8605    1.1552    4.1508    1.5899  1.0000E-10     -0.2653  5.3514E+02
   37.2305    2.0000    7.9659    7.9659    3.8518    1.1962    4.1281    1.5910  1.0000E-10     -0.2656  4.5788E+02
   37.2343    2.0000    7.9659    7.9659    3.8431    1.2372    4.1055    1.5921  1.0000E-10     -0.2659  3.9082E+02
   37.2382    2.0000    7.9659    7.9659    3.8345    1.2782    4.0828    1.5932  1.0000E-10     -0.2661  3.3283E+02
   37.2421    2.0000    7.9658    7.9658    3.8258    1.3191    4.0601    1.5943  1.0000E-10     -0.2664  2.8287E+02
   37.2459    2.0000    7.9658    7.9658    3.8171    1.3601    4.0375    1.5954  1.0000E-10     -0.2668  2.3997E+02
   37.2498    2.0000    7.9658    7.9658    3.8084    1.4011    4.0148    1.5964  1.0000E-10     -0.2671  2.0323E+02
   37.2536    2.0000    7.9657    7.9657    3.7997    1.4421    3.9921    1.5975  1.0000E-10     -0.2674  1.7186E+02
   37.2575    2.0000    7.9657    7.9657    3.7911    1.4831    3.9695    1.5986  1.0000E-10     -0.2678  1.4514E+02
   37.2613    2.0000    7.9656    7.9656    3.7824    1.5241    3.9468    1.5997  1.0000E-10     -0.2682  1.2242E+02
   37.2652    2.0000    7.9656    7.9656    3.7737    1.5651    3.9241    1.6008  1.0000E-10     -0.2686  1.0315E+02
   37.2690    2.0000    7.9655    7.9655    3.7650    1.6061    3.9015    1.6018  1.0000E-10     -0.2690  8.6829E+01
   37.2729    2.0000    7.9655    7.9655    3.7563    1.6471    3.8788    1.6029  1.0000E-10     -0.2695  7.3027E+01
   37.2767    2.0000    7.9654    7.9654    3.7477    1.6881    3.8561    1.6040  1.0000E-10     -0.2700  6.1372E+01
   37.2806    2.0000    7.9654    7.9654    3.7390    1.7291    3.8335    1.6051  1.0000E-10     -0.2705  5.1542E+01
   37.2844    2.0000    7.9653    7.9653    3.7303    1.7701    3.8108    1.6061  1.0000E-10     -0.2710  4.3261E+01
   37.2883    2.0000    7.9653    7.9653    3.7216    1.8111    3.7881    1.6072  1.0000E-10     -0.2716  3.6290E+01
   37.2921    2.0000    7.9652    7.9652    3.7129    1.8521    3.7655    1.6083  1.0000E-10     -0.2722  3.0429E+01
   37.2960    2.0000    7.9652    7.9652    3.7042    1.8931    3.7428    1.6094  1.0000E-10     -0.2728  2.5503E+01
   37.2999    2.0000    7.9651    7.9651    3.6956    1.9341    3.7201    1.6104  1.0000E-10     -0.2734  2.1366E+01
   37.3037    2.0000    7.9650    7.9650    3.6869    1.9751    3.6975    1.6115  1.9116E-03     -0.2741  1.6740E+01
   37.3076    2.0000    7.9649    7.9649    3.6782    2.0160    3.6748    1.6126  7.0929E-02     -0.2748  9.2994E+00
   37.3114    2.0000    7.9649    7.9649    3.6695    2.0570    3.6521    1.6136  6.1860E-01     -0.2756  3.8347E+00
   37.3153    2.0000    7.9648    7.9648    3.6608    2.0980    3.6294    1.6147  2.9919E+00     -0.2764  1.5166E+00
   37.3154    2.0000    7.9648    7.9648    3.6604    2.0998    3.6285    1.6148  3.1750E+00     -0.2765  1.4590E+00
   37.3154    3.0000    7.9648    7.9648    3.6605    2.0998    3.6285    1.6148  3.1753E+00     -0.2765  1.4588E+00
   37.3159    3.0000    7.9648    7.9648    3.6659    2.1037    3.6279    1.6148  3.2176E+00     -0.2765  1.4296E+00
   37.3164    3.0000    7.9648    7.9647    3.6714    2.1076    3.6273    1.6148  3.2601E+00     -0.2765  1.4010E+00
   37.3169    3.0000    7.9648    7.9647    3.6768    2.1115    3.6267    1.6148  3.3029E+00     -0.2765  1.3730E+00
   37.3174    3.0000    7.9648    7.9647    3.6823    2.1154    3.6261    1.6148  3.3459E+00     -0.2765  1.3456E+00
   37.3179    3.0000    7.9648    7.9647    3.6877    2.1193    3.6255    1.6148  3.3891E+00     -0.2765  1.3188E+00
   37.3183    3.0000    7.9648    7.9647    3.6932    2.1232    3.6249    1.6148  3.4325E+00     -0.2765  1.2925E+00
   37.3188    3.0000    7.9648    7.9647    3.6987    2.1272    3.6244    1.6148  3.4762E+00     -0.2765  1.2668E+00
   37.3193    3.0000    7.9648    7.9647    3.7041    2.1311    3.6238    1.6148  3.5201E+00     -0.2765  1.2417E+00
   37.3197    3.0000    7.9648    7.9647    3.7096    2.1350    3.6232    1.6148  3.5642E+00     -0.2765  1.2171E+00
   37.3202    3.0000    7.9648    7.9646    3.7150    2.1389    3.6226    1.6148  3.6085E+00     -0.2765  1.1929E+00
   37.3206    3.0000    7.9648    7.9646    3.7205    2.1428    3.6220    1.6149  3.6530E+00     -0.2765  1.1693E+00
   37.3211    3.0000    7.9648    7.9646    3.7259    2.1467    3.6214    1.6149  3.6977E+00     -0.2765  1.1462E+00
   37.3215    3.0000    7.9648    7.9646    3.7314    2.1506    3.6208    1.6149  3.7426E+00     -0.2765  1.1236E+00
   37.3219    3.0000    7.9648    7.9646    3.7368    2.1545    3.6202    1.6149  3.7876E+00     -0.2765  1.1014E+00
   37.3224    3.0000    7.9648    7.9646    3.7423    2.1584    3.6196    1.6149  3.8328E+00     -0.2765  1.0797E+00
   37.3228    3.0000    7.9648    7.9646    3.7478    2.1623    3.6190    1.6149  3.8782E+00     -0.2765  1.0585E+00
   37.3232    3.0000    7.9648    7.9645    3.7532    2.1662    3.6185    1.6149  3.9238E+00     -0.2765  1.0377E+00
   37.3236    3.0000    7.9648    7.9645    3.7587    2.1702    3.6179    1.6149  3.9694E+00     -0.2765  1.0173E+00
   37.3240    3.0000    7.9648    7.9645    3.7641    2.1741    3.6173    1.6149  4.0153E+00     -0.2765  9.9733E-01
   37.3245    3.0000    7.9648    7.9645    3.7696    2.1780    3.6167    1.6149  4.0612E+00     -0.2765  9.7778E-01
   37.3249    3.0000    7.9648    7.9645    3.7750    2.1819    3.6161    1.6149  4.1072E+00     -0.2765  9.5863E-01
   37.3253    3.0000    7.9648    7.9645    3.7805    2.1858    3.6155    1.6149  4.1534E+00     -0.2765  9.3988E-01
   37.3257    3.0000    7.9648    7.9645    3.7860    2.1897    3.6149    1.6149  4.1997E+00     -0.2765  9.2151E-01
   37.3260    3.0000    7.9648    7.9644    3.7914    2.1936    3.6143    1.6149  4.2460E+00     -0.2765  9.0351E-01
   37.3264    3.0000    7.9648    7.9644    3.7969    2.1976    3.6137    1.6150  4.2924E+00     -0.2765  8.8589E-01
   37.3268    3.0000    7.9648    7.9644    3.8023    2.2015    3.6131    1.6150  4.3389E+00     -0.2765  8.6862E-01
   37.3272    3.0000    7.9648    7.9644    3.8078    2.2054    3.6125    1.6150  4.3854E+00     -0.2765  8.5171E-01
   37.3276    3.0000    7.9648    7.9644    3.8132    2.2093    3.6119    1.6150  4.4319E+00     -0.2765  8.3514E-01
   37.3279    3.0000    7.9648    7.9644    3.8187    2.2133    3.6113    1.6150  4.4785E+00     -0.2765  8.1890E-01
   37.3283    3.0000    7.9648    7.9643    3.8241    2.2172    3.6107    1.6150  4.5251E+00     -0.2765  8.0300E-01
   37.3287    3.0000    7.9648    7.9643    3.8296    2.2211    3.6101    1.6150  4.5716E+00     -0.2765  7.8741E-01
   37.3290    3.0000    7.9648    7.9643    3.8351    2.2250    3.6095    1.6150  4.6181E+00     -0.2765  7.7215E-01
   37.3294    3.0000    7.9648    7.9643    3.8405    2.2290    3.6089    1.6150  4.6646E+00     -0.2765  7.5718E-01
   37.3298    3.0000    7.9648    7.9643    3.8460    2.2329    3.6083    1.6150  4.7111E+00     -0.2765  7.4252E-01
   37.3301    3.0000    7.9648    7.9643    3.8514    2.2368    3.6077    1.6150  4.7574E+00     -0.2765  7.2816E-01
   37.3305    3.0000    7.9648    7.9642    3.8569    2.2407    3.6071    1.6150  4.8037E+00     -0.2765  7.1408E-01
   37.3308    3.0000    7.9648    7.9642    3.8623    2.2447    3.6065    1.6150  4.8498E+00     -0.2765  7.0029E-01
   37.3311    3.0000    7.9648    7.9642    3.8678    2.2486    3.6059    1.6150  4.8959E+00     -0.2765  6.8677E-01
   37.3315    3.0000    7.9648    7.9642    3.8732    2.2525    3.6053    1.6150  4.9417E+00     -0.2765  6.7352E-01
   37.3318    3.0000    7.9648    7.9642    3.8787    2.2565    3.6047    1.6150  4.9874E+00     -0.2765  6.6053E-01
   37.3321    3.0000    7.9648    7.9641    3.8842    2.2604    3.6041    1.6151  5.0330E+00     -0.2765  6.4780E-01
   37.3325    3.0000    7.9648    7.9641    3.8896    2.2643    3.6035    1.6151  5.0782E+00     -0.2765  6.3533E-01
   37.3328    3.0000    7.9648    7.9641    3.8951    2.2683    3.6029    1.6151  5.1233E+00     -0.2765  6.2310E-01
   37.3331    3.0000    7.9648    7.9641    3.9005    2.2722    3.6023    1.6151  5.1681E+00     -0.2765  6.1111E-01
   37.3334    3.0000    7.9648    7.9641    3.9060    2.2761    3.6017    1.6151  5.2126E+00     -0.2765  5.9936E-01
   37.3337    3.0000    7.9648    7.9640    3.9114    2.2801    3.6011    1.6151  5.2568E+00     -0.2765  5.8785E-01
   37.3341    3.0000    7.9648    7.9640    3.9169    2.2840    3.6005    1.6151  5.3007E+00     -0.2765  5.7655E-01
   37.3344    3.0000    7.9648    7.9640    3.9224    2.2879    3.5999    1.6151  5.3442E+00     -0.2765  5.6549E-01
   37.3347    3.0000    7.9648    7.9640    3.9278    2.2919    3.5993    1.6151  5.3873E+00     -0.2765  5.5463E-01
   37.3350    3.0000    7.9648    7.9640    3.9333    2.2958    3.5987    1.6151  5.4300E+00     -0.2765  5.4399E-01
   37.3353    3.0000    7.9648    7.9639    3.9387    2.2997    3.5981    1.6151  5.4723E+00     -0.2765  5.3356E-01
   37.3356    3.0000    7.9648    7.9639    3.9442    2.3037    3.5975    1.6151  5.5140E+00     -0.2765  5.2334E-01
   37.3359    3.0000    7.9648    7.9639    3.9496    2.3076    3.5969    1.6151  5.5553E+00     -0.2765  5.1331E-01
   37.3362    3.0000    7.9648    7.9639    3.9551    2.3116    3.5963    1.6151  5.5960E+00     -0.2765  5.0347E-01
   37.3364    3.0000    7.9648    7.9639    3.9605    2.3155    3.5957    1.6151  5.6361E+00     -0.2765  4.9383E-01
   37.3367    3.0000    7.9648    7.9638    3.9660    2.3195    3.5950    1.6151  5.6756E+00     -0.2765  4.8438E-01
   37.3370    3.0000    7.9648    7.9638    3.9715    2.3234    3.5944    1.6151  5.7145E+00     -0.2765  4.7510E-01
   37.3373    3.0000    7.9648    7.9638    3.9769    2.3273    3.5938    1.6151  5.7527E+00     -0.2765  4.6601E-01
   37.3376    3.0000    7.9648    7.9638    3.9824    2.3313    3.5932    1.6151  5.7901E+00     -0.2765  4.5709E-01
   37.3378    3.0000    7.9648    7.9637    3.9878    2.3352    3.5926    1.6152  5.8268E+00     -0.2765  4.4835E-01
   37.3381    3.0000    7.9648    7.9637    3.9933    2.3392    3.5920    1.6152  5.8627E+00     -0.2765  4.3977E-01
   37.3384    3.0000    7.9648    7.9637    3.9987    2.3431    3.5914    1.6152  5.8977E+00     -0.2765  4.3135E-01
   37.3386    3.0000    7.9648    7.9637    4.0042    2.3471    3.5908    1.6152  5.9318E+00     -0.2765  4.2310E-01
   37.3389    3.0000    7.9648    7.9636    4.0096    2.3510    3.5902    1.6152  5.9650E+00     -0.2765  4.1501E-01
   37.3392    3.0000    7.9648    7.9636    4.0151    2.3550    3.5896    1.6152  5.9972E+00     -0.2765  4.0707E-01
   37.3394    3.0000    7.9648    7.9636    4.0206    2.3589    3.5889    1.6152  6.0284E+00     -0.2765  3.9928E-01
   37.3397    3.0000    7.9648    7.9636    4.0260    2.3629    3.5883    1.6152  6.0585E+00     -0.2765  3.9164E-01
   37.3399    3.0000    7.9648    7.9635    4.0315    2.3668    3.5877    1.6152  6.0874E+00     -0.2765  3.8414E-01
   37.3402    3.0000    7.9648    7.9635    4.0369    2.3708    3.5871    1.6152  6.1152E+00     -0.2765  3.7679E-01
   37.3404    3.0000    7.9648    7.9635    4.0424    2.3747    3.5865    1.6152  6.1417E+00     -0.2765  3.6957E-01
   37.3407    3.0000    7.9648    7.9634    4.0478    2.3787    3.5859    1.6152  6.1669E+00     -0.2765  3.6250E-01
   37.3409    3.0000    7.9648    7.9634    4.0533    2.3826    3.5853    1.6152  6.1908E+00     -0.2765  3.5555E-01
   37.3411    3.0000    7.9648    7.9634    4.0588    2.3866    3.5847    1.6152  6.2132E+00     -0.2765  3.4874E-01
   37.3414    3.0000    7.9648    7.9634    4.0642    2.3906    3.5840    1.6152  6.2342E+00     -0.2765  3.4205E-01
   37.3416    3.0000    7.9648    7.9633    4.0697    2.3945    3.5834    1.6152  6.2536E+00     -0.2765  3.3549E-01
   37.3419    3.0000    7.9648    7.9633    4.0751    2.3985    3.5828    1.6152  6.2714E+00     -0.2765  3.2906E-01
   37.3421    3.0000    7.9648    7.9633    4.0806    2.4024    3.5822    1.6152  6.2875E+00     -0.2765  3.2274E-01
   37.3423    3.0000    7.9648    7.9632    4.0860    2.4064    3.5816    1.6152  6.3019E+00     -0.2765  3.1654E-01
   37.3425    3.0000    7.9648    7.9632    4.0915    2.4103    3.5810    1.6152  6.3145E+00     -0.2765  3.1046E-01
   37.3428    3.0000    7.9648    7.9632    4.0969    2.4143    3.5804    1.6152  6.3252E+00     -0.2765  3.0449E-01
   37.3430    3.0000    7.9648    7.9631    4.1024    2.4183    3.5797    1.6152  6.3339E+00     -0.2765  2.9863E-01
   37.3432    3.0000    7.9648    7.9631    4.1079    2.4222    3.5791    1.6152  6.3406E+00     -0.2765  2.9288E-01
   37.3434    3.0000    7.9648    7.9631    4.1133    2.4262    3.5785    1.6152  6.3451E+00     -0.2765  2.8723E-01
   37.3436    3.0000    7.9648    7.9630    4.1188    2.4301    3.5779    1.6153  6.3475E+00     -0.2765  2.8170E-01
   37.3438    4.0000    7.9648    7.9630    4.1217    2.4323    3.5776    1.6153  6.3478E+00     -0.2765  2.7877E-01
   37.3882    4.0000    7.9648    7.9558    4.1013    2.4176    3.5798    1.6208  6.3351E+00     -0.2765  2.9857E-01
   37.4327    4.0000    7.9648    7.9493    4.0820    2.4038    3.5819    1.6263  6.3230E+00     -0.2765  3.1867E-01
   37.4772    4.0000    7.9648    7.9432    4.0636    2.3906    3.5839    1.6318  6.3114E+00     -0.2765  3.3898E-01
   37.5216    4.0000    7.9648    7.9376    4.0463    2.3781    3.5858    1.6373  6.3003E+00     -0.2765  3.5942E-01
   37.5661    4.0000    7.9648    7.9324    4.0299    2.3663    3.5876    1.6428  6.2896E+00     -0.2765  3.7989E-01
   37.6106    4.0000    7.9648    7.9275    4.0144    2.3552    3.5892    1.6483  6.2792E+00     -0.2765  4.0029E-01
   37.6550    4.0000    7.9648    7.9229    3.9998    2.3448    3.5908    1.6538  6.2692E+00     -0.2765  4.2054E-01
   37.6995    4.0000    7.9648    7.9186    3.9860    2.3349    3.5923    1.6593  6.2594E+00     -0.2765  4.4054E-01
   37.7440    4.0000    7.9648    7.9146    3.9731    2.3257    3.5937    1.6648  6.2498E+00     -0.2765  4.6020E-01
   37.7884    4.0000    7.9648    7.9107    3.9610    2.3170    3.5950    1.6703  6.2405E+00     -0.2765  4.7942E-01
   37.8329    4.0000    7.9648    7.9071    3.9497    2.3090    3.5962    1.6758  6.2313E+00     -0.2765  4.9813E-01
   37.8774    4.0000    7.9648    7.9036    3.9392    2.3014    3.5974    1.6813  6.2223E+00     -0.2765  5.1624E-01
   37.9218    4.0000    7.9648    7.9003    3.9294    2.2944    3.5984    1.6868  6.2135E+00     -0.2765  5.3368E-01
   37.9663    4.0000    7.9648    7.8971    3.9203    2.2879    3.5994    1.6923  6.2048E+00     -0.2765  5.5039E-01
   38.0108    4.0000    7.9648    7.8940    3.9119    2.2819    3.6003    1.6978  6.1962E+00     -0.2765  5.6631E-01
   38.0553    4.0000    7.9648    7.8910    3.9042    2.2764    3.6011    1.7033  6.1877E+00     -0.2765  5.8139E-01
   38.0997    4.0000    7.9648    7.8881    3.8970    2.2714    3.6019    1.7088  6.1794E+00     -0.2765  5.9558E-01
   38.1442    4.0000    7.9648    7.8853    3.8905    2.2667    3.6025    1.7143  6.1711E+00     -0.2765  6.0886E-01
   38.1887    4.0000    7.9648    7.8826    3.8846    2.2625    3.6032    1.7198  6.1629E+00     -0.2765  6.2121E-01
   38.2331    4.0000    7.9648    7.8800    3.8792    2.2587    3.6037    1.7253  6.1547E+00     -0.2765  6.3260E-01
   38.2776    4.0000    7.9648    7.8774    3.8743    2.2552    3.6042    1.7308  6.1466E+00     -0.2765  6.4304E-01
   38.3221    4.0000    7.9648    7.8748    3.8699    2.2521    3.6047    1.7363  6.1386E+00     -0.2765  6.5252E-01
   38.3665    4.0000    7.9648    7.8723    3.8660    2.2493    3.6051    1.7418  6.1306E+00     -0.2765  6.6106E-01
   38.4110    4.0000    7.9648    7.8699    3.8625    2.2469    3.6055    1.7473  6.1226E+00     -0.2765  6.6868E-01
   38.4555    4.0000    7.9648    7.8675    3.8595    2.2448    3.6058    1.7528  6.1147E+00     -0.2765  6.7540E-01
   38.5000    4.0000    7.9648    7.8651    3.8568    2.2429    3.6060    1.7583  6.1068E+00     -0.2765  6.8126E-01
   38.5444    4.0000    7.9648    7.8627    3.8545    2.2413    3.6063    1.7638  6.0990E+00     -0.2765  6.8629E-01
   38.5889    4.0000    7.9648    7.8604    3.8526    2.2399    3.6064    1.7693  6.0911E+00     -0.2765  6.9054E-01
   38.6334    4.0000    7.9648    7.8581    3.8509    2.2388    3.6066    1.7748  6.0833E+00     -0.2765  6.9406E-01
   38.6778    4.0000    7.9648    7.8558    3.8495    2.2379    3.6067    1.7803  6.0755E+00     -0.2765  6.9689E-01
   38.7223    4.0000    7.9648    7.8535    3.8484    2.2371    3.6068    1.7858  6.0677E+00     -0.2765  6.9911E-01
   38.7668    4.0000    7.9648    7.8512    3.8475    2.2365    3.6069    1.7913  6.0599E+00     -0.2765  7.0076E-01
   38.8112    4.0000    7.9648    7.8489    3.8469    2.2361    3.6069    1.7968  6.0522E+00     -0.2765  7.0190E-01
   38.8557    4.0000    7.9648    7.8467    3.8464    2.2358    3.6070    1.8023  6.0444E+00     -0.2765  7.0261E-01
   38.9002    4.0000    7.9648    7.8444    3.8460    2.2356    3.6070    1.8078  6.0366E+00     -0.2765  7.0294E-01
   38.9446    4.0000    7.9648    7.8422    3.8458    2.2354    3.6070    1.8133  6.0289E+00     -0.2765  7.0296E-01
   38.9891    4.0000    7.9648    7.8399    3.8456    2.2354    3.6070    1.8188  6.0211E+00     -0.2765  7.0274E-01
   39.0336    4.0000    7.9648    7.8376    3.8456    2.2354    3.6070    1.8243  6.0134E+00     -0.2765  7.0234E-01
   39.0781    4.0000    7.9648    7.8354    3.8456    2.2354    3.6069    1.8298  6.0056E+00     -0.2765  7.0183E-01
   39.1225    4.0000    7.9648    7.8331    3.8735    2.2177    3.6228    1.8353  3.3028E+00     -0.2765  1.0249E+00
   39.1601    4.0000    7.9648    7.8311    3.8913    2.1762    3.6480    1.8399  6.0824E-01     -0.2765  2.6089E+00
   39.2000    4.0000    7.9648    7.8291    3.9028    2.1349    3.6715    1.8448  5.4829E-02     -0.2765  6.0474E+00
   39.2444    4.0000    7.9648    7.8269    3.9125    2.0920    3.6954    1.8503  4.7998E-04     -0.2765  9.9202E+00
   39.2889    4.0000    7.9648    7.8248    3.9205    2.0523    3.7172    1.8558  1.0000E-10     -0.2765  1.1921E+01
   39.3334    4.0000    7.9648    7.8228    3.9273    2.0157    3.7373    1.8614  1.0000E-10     -0.2765  1.3815E+01
   39.3778    4.0000    7.9648    7.8209    3.9334    1.9820    3.7556    1.8669  1.0000E-10     -0.2765  1.5815E+01
   39.4223    4.0000    7.9648    7.8191    3.9389    1.9511    3.7724    1.8724  1.0000E-10     -0.2765  1.7891E+01
   39.4668    4.0000    7.9648    7.8174    3.9440    1.9230    3.7878    1.8779  1.0000E-10     -0.2765  2.0012E+01
   39.5113    4.0000    7.9648    7.8157    3.9487    1.8975    3.8017    1.8834  1.0000E-10     -0.2765  2.2143E+01
   39.5557    4.0000    7.9648    7.8141    3.9531    1.8744    3.8143    1.8889  1.0000E-10     -0.2765  2.4248E+01
   39.6002    4.0000    7.9648    7.8126    3.9572    1.8537    3.8258    1.8944  1.0000E-10     -0.2765  2.6295E+01
   39.6447    4.0000    7.9648    7.8110    3.9612    1.8351    3.8360    1.8999  1.0000E-10     -0.2765  2.8250E+01
   39.6891    4.0000    7.9648    7.8096    3.9649    1.8187    3.8452    1.9054  1.0000E-10     -0.2765  3.0084E+01
   39.7336    4.0000    7.9648    7.8081    3.9685    1.8042    3.8533    1.9109  1.0000E-10     -0.2765  3.1773E+01
   39.7781    4.0000    7.9648    7.8067    3.9719    1.7916    3.8605    1.9164  1.0000E-10     -0.2765  3.3297E+01
   39.8225    4.0000    7.9648    7.8053    3.9752    1.7806    3.8667    1.9219  1.0000E-10     -0.2765  3.4643E+01
   39.8670    4.0000    7.9648    7.8039    3.9783    1.7713    3.8722    1.9274  1.0000E-10     -0.2765  3.5801E+01
   39.9115    4.0000    7.9648    7.8025    3.9814    1.7634    3.8769    1.9329  1.0000E-10     -0.2765  3.6769E+01
   39.9559    4.0000    7.9648    7.8011    3.9843    1.7569    3.8809    1.9384  1.0000E-10     -0.2765  3.7549E+01
   40.0004    4.0000    7.9648    7.7997    3.9872    1.7516    3.8843    1.9439  1.0000E-10     -0.2765  3.8148E+01
   40.0449    4.0000    7.9648    7.7984    3.9900    1.7474    3.8871    1.9494  1.0000E-10     -0.2765  3.8577E+01
   40.0894    4.0000    7.9648    7.7970    3.9927    1.7441    3.8894    1.9549  1.0000E-10     -0.2765  3.8850E+01
   40.1338    4.0000    7.9648    7.7956    3.9953    1.7417    3.8912    1.9604  1.0000E-10     -0.2765  3.8983E+01
   40.1783    4.0000    7.9648    7.7943    3.9979    1.7401    3.8927    1.9659  1.0000E-10     -0.2765  3.8996E+01
   40.2228    4.0000    7.9648    7.7929    4.0004    1.7390    3.8939    1.9714  1.0000E-10     -0.2765  3.8910E+01
   40.2672    4.0000    7.9648    7.7915    4.0028    1.7383    3.8948    1.9769  1.0000E-10     -0.2765  3.8744E+01
   40.3117    4.0000    7.9648    7.7901    4.0052    1.7380    3.8955    1.9824  1.0000E-10     -0.2765  3.8520E+01
   40.3562    4.0000    7.9648    7.7887    4.0075    1.7380    3.8962    1.9879  1.0000E-10     -0.2765  3.8259E+01
   40.4006    4.0000    7.9648    7.7873    4.0098    1.7380    3.8967    1.9934  1.0000E-10     -0.2765  3.7982E+01
   40.4451    4.0000    7.9648    7.7859    4.0120    1.7381    3.8972    1.9989  1.0000E-10     -0.2765  3.7697E+01
   40.4896    4.0000    7.9648    7.7844    4.0142    1.7383    3.8977    2.0044  1.0000E-10     -0.2765  3.7387E+01
   40.5340    4.0000    7.9648    7.7830    4.0164    1.7389    3.8979    2.0099  1.0000E-10     -0.2765  3.7033E+01
   40.5785    4.0000    7.9648    7.7815    4.0185    1.7398    3.8980    2.0154  1.0000E-10     -0.2765  3.6617E+01
   40.6230    4.0000    7.9648    7.7801    4.0206    1.7412    3.8978    2.0209  1.0000E-10     -0.2765  3.6122E+01
   40.6675    4.0000    7.9648    7.7786    4.0226    1.7433    3.8973    2.0264  1.0000E-10     -0.2765  3.5531E+01
   40.7119    4.0000    7.9648    7.7771    4.0246    1.7462    3.8963    2.0319  1.0000E-10     -0.2765  3.4831E+01
   40.7564    4.0000    7.9648    7.7756    4.0266    1.7500    3.8949    2.0374  1.0000E-10     -0.2765  3.4009E+01
   40.8009    4.0000    7.9648    7.7741    4.0285    1.7548    3.8930    2.0429  1.0000E-10     -0.2765  3.3057E+01
   40.8453    4.0000    7.9648    7.7725    4.0304    1.7607    3.8905    2.0484  1.0000E-10     -0.2765  3.1969E+01
   40.8898    4.0000    7.9648    7.7710    4.0323    1.7680    3.8874    2.0539  1.0000E-10     -0.2765  3.0743E+01
   40.9343    4.0000    7.9648    7.7694    4.0341    1.7766    3.8835    2.0594  1.0000E-10     -0.2765  2.9381E+01
   40.9787    4.0000    7.9648    7.7677    4.0360    1.7867    3.8789    2.0649  1.0000E-10     -0.2765  2.7889E+01
   41.0232    4.0000    7.9648    7.7660    4.0378    1.7985    3.8734    2.0704  1.0000E-10     -0.2765  2.6279E+01
   41.0677    4.0000    7.9648    7.7643    4.0395    1.8121    3.8671    2.0759  1.0000E-10     -0.2765  2.4565E+01
   41.1121    4.0000    7.9648    7.7625    4.0413    1.8276    3.8598    2.0814  1.0000E-10     -0.2765  2.2766E+01
   41.1566    4.0000    7.9648    7.7607    4.0430    1.8451    3.8515    2.0869  1.0000E-10     -0.2765  2.0907E+01
   41.2011    4.0000    7.9648    7.7588    4.0447    1.8647    3.8421    2.0924  1.0000E-10     -0.2765  1.9011E+01
   41.2456    4.0000    7.9648    7.7568    4.0464    1.8866    3.8316    2.0979  1.0000E-10     -0.2765  1.7108E+01
   41.2900    4.0000    7.9648    7.7547    4.0480    1.9109    3.8198    2.1034  1.0000E-10     -0.2765  1.5225E+01
   41.3345    4.0000    7.9648    7.7525    4.0497    1.9378    3.8068    2.1089  1.0000E-10     -0.2765  1.3391E+01
   41.3790    4.0000    7.9648    7.7502    4.0513    1.9672    3.7925    2.1144  1.0000E-10     -0.2765  1.1632E+01
   41.4234    4.0000    7.9648    7.7478    4.0529    1.9995    3.7767    2.1199  1.0000E-10     -0.2765  9.9714E+00
   41.4679    4.0000    7.9648    7.7452    4.0545    2.0346    3.7596    2.1254  1.0000E-10     -0.2765  8.4297E+00
   41.5124    4.0000    7.9648    7.7424    4.0561    2.0728    3.7409    2.1309  1.0000E-10     -0.2765  7.0223E+00
   41.5568    4.0000    7.9648    7.7393    4.0576    2.1141    3.7206    2.1364  1.0000E-10     -0.2765  5.7599E+00
   41.5979    4.0000    7.9648    7.7363    4.0590    2.1552    3.7004    2.1415  1.0000E-10     -0.2765  4.7261E+00
   41.6365    4.0000    7.9648    7.7332    4.0603    2.1964    3.6802    2.1462  1.0000E-10     -0.2765  3.8737E+00
   41.6729    4.0000    7.9648    7.7301    4.0616    2.2376    3.6599    2.1507  1.4992E-03     -0.2765  3.0137E+00
   41.7073    4.0000    7.9648    7.7268    4.0627    2.2789    3.6395    2.1550  5.7715E-02     -0.2765  1.7624E+00
   41.7402    4.0000    7.9648    7.7235    4.0638    2.3203    3.6191    2.1590  5.0720E-01     -0.2765  7.7260E-01
   41.7712    4.0000    7.9648    7.7200    4.0648    2.3614    3.5988    2.1629  2.4157E+00     -0.2765  3.1893E-01
   41.7907    5.0000    7.9648    7.7177    4.0655    2.3881    3.5856    2.1653  5.5524E+00     -0.2765  1.8371E-01
   41.7967    5.0000    7.9648    7.7169    4.0764    2.3958    3.5845    2.1653  5.5517E+00     -0.2765  1.7676E-01
   41.8027    5.0000    7.9648    7.7162    4.0874    2.4036    3.5833    2.1653  5.5509E+00     -0.2765  1.7006E-01
   41.8085    5.0000    7.9648    7.7154    4.0984    2.4114    3.5822    2.1653  5.5501E+00     -0.2765  1.6360E-01
   41.8142    5.0000    7.9648    7.7145    4.1094    2.4192    3.5810    2.1653  5.5492E+00     -0.2765  1.5737E-01
   41.8198    5.0000    7.9648    7.7137    4.1203    2.4270    3.5799    2.1653  5.5484E+00     -0.2765  1.5138E-01
   41.8253    5.0000    7.9648    7.7128    4.1313    2.4348    3.5787    2.1653  5.5475E+00     -0.2765  1.4559E-01
   41.8307    5.0000    7.9648    7.7119    4.1423    2.4426    3.5775    2.1653  5.5466E+00     -0.2765  1.4002E-01
   41.8360    5.0000    7.9648    7.7110    4.1532    2.4504    3.5764    2.1653  5.5457E+00     -0.2765  1.3464E-01
   41.8411    5.0000    7.9648    7.7101    4.1642    2.4582    3.5752    2.1653  5.5448E+00     -0.2765  1.2946E-01
   41.8462    5.0000    7.9648    7.7091    4.1752    2.4660    3.5741    2.1653  5.5438E+00     -0.2765  1.2446E-01
   41.8511    5.0000    7.9648    7.7081    4.1861    2.4738    3.5729    2.1653  5.5428E+00     -0.2765  1.1963E-01
   41.8560    5.0000    7.9648    7.7071    4.1971    2.4816    3.5717    2.1653  5.5418E+00     -0.2765  1.1498E-01
   41.8608    5.0000    7.9648    7.7061    4.2081    2.4894    3.5706    2.1653  5.5408E+00     -0.2765  1.1050E-01
   41.8654    5.0000    7.9648    7.7050    4.2190    2.4973    3.5694    2.1653  5.5397E+00     -0.2765  1.0617E-01
   41.8700    5.0000    7.9648    7.7039    4.2300    2.5051    3.5682    2.1653  5.5386E+00     -0.2765  1.0199E-01
   41.8745    5.0000    7.9648    7.7028    4.2410    2.5129    3.5671    2.1653  5.5375E+00     -0.2765  9.7964E-02
   41.8789    5.0000    7.9648    7.7017    4.2519    2.5207    3.5659    2.1653  5.5364E+00     -0.2765  9.4077E-02
   41.8832    5.0000    7.9648    7.7005    4.2629    2.5286    3.5647    2.1653  5.5352E+00     -0.2765  9.0326E-02
   41.8874    5.0000    7.9648    7.6993    4.2739    2.5364    3.5635    2.1653  5.5340E+00     -0.2765  8.6707E-02
   41.8915    5.0000    7.9648    7.6980    4.2848    2.5443    3.5623    2.1653  5.5327E+00     -0.2765  8.3215E-02
   41.8956    5.0000    7.9648    7.6967    4.2958    2.5521    3.5612    2.1653  5.5314E+00     -0.2765  7.9845E-02
   41.8996    5.0000    7.9648    7.6954    4.3068    2.5599    3.5600    2.1653  5.5301E+00     -0.2765  7.6594E-02
   41.9034    5.0000    7.9648    7.6941    4.3177    2.5678    3.5588    2.1653  5.5288E+00     -0.2765  7.3457E-02
   41.9073    5.0000    7.9648    7.6927    4.3287    2.5757    3.5576    2.1653  5.5274E+00     -0.2765  7.0430E-02
   41.9110    5.0000    7.9648    7.6913    4.3397    2.5835    3.5564    2.1653  5.5260E+00     -0.2765  6.7510E-02
   41.9147    5.0000    7.9648    7.6898    4.3506    2.5914    3.5552    2.1653  5.5246E+00     -0.2765  6.4693E-02
   41.9182    5.0000    7.9648    7.6884    4.3616    2.5992    3.5541    2.1653  5.5231E+00     -0.2765  6.1976E-02
   41.9218    5.0000    7.9648    7.6868    4.3726    2.6071    3.5529    2.1653  5.5215E+00     -0.2765  5.9356E-02
   41.9252    5.0000    7.9648    7.6853    4.3835    2.6150    3.5517    2.1653  5.5200E+00     -0.2765  5.6829E-02
   41.9286    5.0000    7.9648    7.6837    4.3945    2.6228    3.5505    2.1653  5.5184E+00     -0.2765  5.4393E-02
   41.9319    5.0000    7.9648    7.6820    4.4055    2.6307    3.5493    2.1653  5.5167E+00     -0.2765  5.2044E-02
   41.9351    5.0000    7.9648    7.6803    4.4164    2.6386    3.5481    2.1653  5.5150E+00     -0.2765  4.9781E-02
   41.9383    5.0000    7.9648    7.6786    4.4274    2.6465    3.5469    2.1653  5.5133E+00     -0.2765  4.7600E-02
   41.9414    5.0000    7.9648    7.6768    4.4384    2.6544    3.5457    2.1653  5.5115E+00     -0.2765  4.5499E-02
   41.9445    5.0000    7.9648    7.6750    4.4493    2.6623    3.5445    2.1653  5.5097E+00     -0.2765  4.3476E-02
   41.9475    5.0000    7.9648    7.6731    4.4603    2.6702    3.5433    2.1653  5.5078E+00     -0.2765  4.1529E-02
   41.9504    5.0000    7.9648    7.6712    4.4713    2.6781    3.5421    2.1653  5.5059E+00     -0.2765  3.9655E-02
   41.9533    5.0000    7.9648    7.6692    4.4822    2.6860    3.5408    2.1653  5.5039E+00     -0.2765  3.7851E-02
   41.9561    5.0000    7.9648    7.6672    4.4932    2.6939    3.5396    2.1653  5.5019E+00     -0.2765  3.6117E-02
   41.9589    5.0000    7.9648    7.6651    4.5042    2.7018    3.5384    2.1653  5.4998E+00     -0.2765  3.4450E-02
   41.9616    5.0000    7.9648    7.6629    4.5151    2.7097    3.5372    2.1653  5.4976E+00     -0.2765  3.2849E-02
   41.9642    5.0000    7.9648    7.6607    4.5261    2.7176    3.5360    2.1653  5.4955E+00     -0.2765  3.1310E-02
   41.9661    6.0000    7.9648    7.6592    4.5339    2.7232    3.5351    1.4007  6.2584E+00     -0.2765  2.6565E-02
   41.9711    6.0000    7.9648    7.6547    4.5372    2.7257    3.5347    1.4009  6.2537E+00     -0.2765  2.6117E-02
   41.9761    6.0000    7.9648    7.6501    4.5406    2.7283    3.5343    1.4012  6.2490E+00     -0.2765  2.5673E-02
   41.9811    6.0000    7.9648    7.6455    4.5441    2.7309    3.5338    1.4014  6.2442E+00     -0.2765  2.5232E-02
   41.9861    6.0000    7.9648    7.6409    4.5475    2.7335    3.5334    1.4016  6.2393E+00     -0.2765  2.4794E-02
   41.9911    6.0000    7.9648    7.6361    4.5510    2.7361    3.5330    1.4018  6.2343E+00     -0.2765  2.4361E-02
   41.9961    6.0000    7.9648    7.6313    4.5544    2.7387    3.5325    1.4021  6.2293E+00     -0.2765  2.3931E-02
   42.0011    6.0000    7.9648    7.6264    4.5579    2.7413    3.5321    1.4023  6.2242E+00     -0.2765  2.3505E-02
   42.0061    6.0000    7.9648    7.6215    4.5615    2.7440    3.5316    1.4025  6.2190E+00     -0.2765  2.3083E-02
   42.0111    6.0000    7.9648    7.6165    4.5650    2.7466    3.5312    1.4028  6.2137E+00     -0.2765  2.2668E-02
   42.0161    6.0000    7.9648    7.6114    4.5686    2.7493    3.5308    1.4030  6.2084E+00     -0.2765  2.2257E-02
   42.0211    6.0000    7.9648    7.6062    4.5722    2.7520    3.5303    1.4032  6.2030E+00     -0.2765  2.1850E-02
   42.0261    6.0000    7.9648    7.6009    4.5758    2.7547    3.5299    1.4035  6.1975E+00     -0.2765  2.1446E-02
   42.0311    6.0000    7.9648    7.5956    4.5795    2.7574    3.5294    1.4037  6.1919E+00     -0.2765  2.1047E-02
   42.0361    6.0000    7.9648    7.5902    4.5832    2.7601    3.5290    1.4039  6.1862E+00     -0.2765  2.0651E-02
   42.0411    6.0000    7.9648    7.5847    4.5868    2.7629    3.5285    1.4042  6.1805E+00     -0.2765  2.0258E-02
   42.0461    6.0000    7.9648    7.5791    4.5906    2.7657    3.5281    1.4044  6.1746E+00     -0.2765  1.9870E-02
   42.0511    6.0000    7.9648    7.5734    4.5943    2.7685    3.5276    1.4047  6.1687E+00     -0.2765  1.9486E-02
   42.0561    6.0000    7.9648    7.5676    4.5981    2.7713    3.5271    1.4049  6.1627E+00     -0.2765  1.9105E-02
   42.0611    6.0000    7.9648    7.5617    4.6019    2.7741    3.5267    1.4052  6.1566E+00     -0.2765  1.8728E-02
   42.0661    6.0000    7.9648    7.5558    4.6057    2.7770    3.5262    1.4054  6.1503E+00     -0.2765  1.8356E-02
   42.0711    6.0000    7.9648    7.5497    4.6096    2.7799    3.5257    1.4057  6.1440E+00     -0.2765  1.7987E-02
   42.0761    6.0000    7.9648    7.5436    4.6135    2.7828    3.5252    1.4060  6.1376E+00     -0.2765  1.7622E-02
   42.0811    6.0000    7.9648    7.5373    4.6174    2.7857    3.5247    1.4062  6.1311E+00     -0.2765  1.7261E-02
   42.0861    6.0000    7.9648    7.5310    4.6213    2.7887    3.5243    1.4065  6.1245E+00     -0.2765  1.6904E-02
   42.0911    6.0000    7.9648    7.5245    4.6253    2.7917    3.5238    1.4068  6.1177E+00     -0.2765  1.6551E-02
   42.0961    6.0000    7.9648    7.5179    4.6293    2.7947    3.5233    1.4070  6.1109E+00     -0.2765  1.6202E-02
   42.1011    6.0000    7.9648    7.5112    4.6333    2.7977    3.5228    1.4073  6.1039E+00     -0.2765  1.5857E-02
   42.1061    6.0000    7.9648    7.5044    4.6374    2.8007    3.5222    1.4076  6.0969E+00     -0.2765  1.5516E-02
   42.1111    6.0000    7.9648    7.4975    4.6415    2.8038    3.5217    1.4078  6.0897E+00     -0.2765  1.5179E-02
   42.1161    6.0000    7.9648    7.4905    4.6456    2.8069    3.5212    1.4081  6.0823E+00     -0.2765  1.4846E-02
   42.1211    6.0000    7.9648    7.4833    4.6497    2.8100    3.5207    1.4084  6.0749E+00     -0.2765  1.4517E-02
   42.1261    6.0000    7.9648    7.4760    4.6539    2.8132    3.5202    1.4087  6.0673E+00     -0.2765  1.4193E-02
   42.1311    6.0000    7.9648    7.4686    4.6581    2.8163    3.5196    1.4090  6.0596E+00     -0.2765  1.3872E-02
   42.1361    6.0000    7.9648    7.4610    4.6624    2.8195    3.5191    1.4093  6.0518E+00     -0.2765  1.3556E-02
   42.1411    6.0000    7.9648    7.4533    4.6666    2.8226    3.5186    1.4096  6.0106E+00     -0.2765  1.3296E-02
   42.1461    6.0000    7.9648    7.4455    4.6710    2.8256    3.5182    1.4099  5.9610E+00     -0.2765  1.3050E-02
   42.1511    6.0000    7.9648    7.4375    4.6753    2.8287    3.5178    1.4102  5.9113E+00     -0.2765  1.2807E-02
   42.1561    6.0000    7.9648    7.4294    4.6797    2.8317    3.5173    1.4105  5.8615E+00     -0.2765  1.2565E-02
   42.1611    6.0000    7.9648    7.4211    4.6841    2.8348    3.5169    1.4108  5.8115E+00     -0.2765  1.2325E-02
   42.1661    6.0000    7.9648    7.4127    4.6886    2.8381    3.5164    1.4111  5.7775E+00     -0.2765  1.2064E-02
   42.1711    6.0000    7.9648    7.4042    4.6931    2.8415    3.5158    1.4114  5.7665E+00     -0.2765  1.1772E-02
   42.1761    6.0000    7.9648    7.3954    4.6976    2.8449    3.5152    1.4117  5.7552E+00     -0.2765  1.1483E-02
   42.1811    6.0000    7.9648    7.3865    4.7022    2.8483    3.5147    1.4120  5.7438E+00     -0.2765  1.1200E-02
   42.1861    6.0000    7.9648    7.3774    4.7068    2.8518    3.5141    1.4123  5.7321E+00     -0.2765  1.0920E-02
   42.1911    6.0000    7.9648    7.3682    4.7114    2.8553    3.5135    1.4127  5.7203E+00     -0.2765  1.0644E-02
   42.1961    6.0000    7.9648    7.3587    4.7161    2.8589    3.5129    1.4130  5.7082E+00     -0.2765  1.0373E-02
   42.2011    6.0000    7.9648    7.3491    4.7208    2.8624    3.5123    1.4133  5.6958E+00     -0.2765  1.0106E-02
   42.2061    6.0000    7.9648    7.3393    4.7256    2.8660    3.5116    1.4137  5.6833E+00     -0.2765  9.8437E-03
   42.2111    6.0000    7.9648    7.3293    4.7304    2.8697    3.5110    1.4140  5.6704E+00     -0.2765  9.5852E-03
   42.2161    6.0000    7.9648    7.3190    4.7353    2.8734    3.5104    1.4143  5.6574E+00     -0.2765  9.3310E-03
   42.2211    6.0000    7.9648    7.3086    4.7402    2.8771    3.5098    1.4147  5.6440E+00     -0.2765  9.0810E-03
   42.2261    6.0000    7.9648    7.2979    4.7451    2.8808    3.5091    1.4150  5.6304E+00     -0.2765  8.8352E-03
   42.2311    6.0000    7.9648    7.2871    4.7501    2.8846    3.5085    1.4154  5.6165E+00     -0.2765  8.5936E-03
   42.2361    6.0000    7.9648    7.2759    4.7551    2.8885    3.5078    1.4158  5.6024E+00     -0.2765  8.3562E-03
   42.2411    6.0000    7.9648    7.2646    4.7602    2.8923    3.5072    1.4161  5.5879E+00     -0.2765  8.1231E-03
   42.2461    6.0000    7.9648    7.2530    4.7654    2.8962    3.5065    1.4165  5.5731E+00     -0.2765  7.8941E-03
   42.2511    6.0000    7.9648    7.2411    4.7705    2.9002    3.5058    1.4169  5.5581E+00     -0.2765  7.6693E-03
   42.2561    6.0000    7.9648    7.2290    4.7758    2.9042    3.5051    1.4172  5.5427E+00     -0.2765  7.4486E-03
   42.2611    6.0000    7.9648    7.2166    4.7810    2.9082    3.5044    1.4176  5.5269E+00     -0.2765  7.2321E-03
   42.2661    6.0000    7.9648    7.2040    4.7864    2.9123    3.5037    1.4180  5.5109E+00     -0.2765  7.0197E-03
   42.2711    6.0000    7.9648    7.1910    4.7918    2.9164    3.5030    1.4184  5.4944E+00     -0.2765  6.8115E-03
   42.2761    6.0000    7.9648    7.1777    4.7972    2.9206    3.5023    1.4188  5.4777E+00     -0.2765  6.6073E-03
   42.2811    6.0000    7.9648    7.1642    4.8027    2.9248    3.5015    1.4192  5.4605E+00     -0.2765  6.4072E-03
   42.2861    6.0000    7.9648    7.1503    4.8082    2.9291    3.5008    1.4196  5.4429E+00     -0.2765  6.2111E-03
   42.2911    6.0000    7.9648    7.1361    4.8139    2.9334    3.5001    1.4200  5.4250E+00     -0.2765  6.0190E-03
   42.2961    6.0000    7.9648    7.1215    4.8195    2.9377    3.4993    1.4204  5.4066E+00     -0.2765  5.8310E-03
   42.3011    6.0000    7.9648    7.1066    4.8252    2.9421    3.4985    1.4208  5.3878E+00     -0.2765  5.6469E-03
   42.3061    6.0000    7.9648    7.0913    4.8310    2.9466    3.4977    1.4213  5.3685E+00     -0.2765  5.4667E-03
   42.3111    6.0000    7.9648    7.0757    4.8369    2.9511    3.4969    1.4217  5.3488E+00     -0.2765  5.2905E-03
   42.3161    6.0000    7.9648    7.0596    4.8428    2.9557    3.4961    1.4221  5.3286E+00     -0.2765  5.1181E-03
   42.3211    6.0000    7.9648    7.0432    4.8488    2.9603    3.4953    1.4226  5.3079E+00     -0.2765  4.9496E-03
   42.3261    6.0000    7.9648    7.0263    4.8548    2.9650    3.4945    1.4230  5.2867E+00     -0.2765  4.7849E-03
   42.3311    6.0000    7.9648    7.0090    4.8609    2.9697    3.4936    1.4235  5.2650E+00     -0.2765  4.6240E-03
   42.3361    6.0000    7.9648    6.9912    4.8671    2.9745    3.4928    1.4240  5.2427E+00     -0.2765  4.4668E-03
   42.3411    6.0000    7.9648    6.9730    4.8734    2.9794    3.4919    1.4244  5.2199E+00     -0.2765  4.3133E-03
   42.3461    6.0000    7.9648    6.9543    4.8797    2.9843    3.4910    1.4249  5.1964E+00     -0.2765  4.1635E-03
   42.3511    6.0000    7.9648    6.9350    4.8861    2.9893    3.4901    1.4254  5.1724E+00     -0.2765  4.0173E-03
   42.3561    6.0000    7.9648    6.9047    4.8926    2.9946    3.4891    1.4259  5.1350E+00     -0.2765  3.8595E-03
   42.3610    6.0000    7.9648    6.8356    4.8990    3.0006    3.4877    1.4264  5.0515E+00     -0.2765  3.6561E-03
   42.3624    6.0000    7.9648    6.7673    4.9009    3.0033    3.4869    1.4265  4.9697E+00     -0.2765  3.5346E-03
   42.3631    6.0000    7.9648    6.6996    4.9018    3.0052    3.4861    1.4266  4.8890E+00     -0.2765  3.4337E-03
   42.3637    6.0000    7.9648    6.6326    4.9026    3.0072    3.4853    1.4267  4.8092E+00     -0.2765  3.3360E-03
   42.3643    6.0000    7.9648    6.5663    4.9034    3.0091    3.4846    1.4267  4.7303E+00     -0.2765  3.2413E-03
   42.3649    6.0000    7.9648    6.5006    4.9042    3.0110    3.4838    1.4268  4.6523E+00     -0.2765  3.1493E-03
   42.3655    6.0000    7.9648    6.4356    4.9050    3.0129    3.4831    1.4268  4.5751E+00     -0.2765  3.0601E-03
   42.3661    6.0000    7.9648    6.3713    4.9058    3.0148    3.4823    1.4269  4.4989E+00     -0.2765  2.9736E-03
   42.3667    6.0000    7.9648    6.3076    4.9066    3.0167    3.4815    1.4270  4.4235E+00     -0.2765  2.8896E-03
   42.3672    6.0000    7.9648    6.2445    4.9073    3.0186    3.4808    1.4270  4.3490E+00     -0.2765  2.8081E-03
   42.3678    6.0000    7.9648    6.1820    4.9081    3.0205    3.4800    1.4271  4.2753E+00     -0.2765  2.7290E-03
   42.3684    6.0000    7.9648    6.1202    4.9088    3.0224    3.4793    1.4271  4.2025E+00     -0.2765  2.6522E-03
   42.3689    6.0000    7.9648    6.0590    4.9096    3.0242    3.4786    1.4272  4.1305E+00     -0.2765  2.5777E-03
   42.3695    6.0000    7.9648    5.9984    4.9103    3.0261    3.4778    1.4272  4.0594E+00     -0.2765  2.5054E-03
   42.3700    6.0000    7.9648    5.9384    4.9111    3.0279    3.4771    1.4273  3.9890E+00     -0.2765  2.4351E-03
   42.3705    6.0000    7.9648    5.8791    4.9118    3.0298    3.4763    1.4274  3.9195E+00     -0.2765  2.3670E-03
   42.3711    6.0000    7.9648    5.8203    4.9125    3.0316    3.4756    1.4274  3.8508E+00     -0.2765  2.3008E-03
   42.3716    6.0000    7.9648    5.7621    4.9132    3.0335    3.4748    1.4275  3.7830E+00     -0.2765  2.2365E-03
   42.3721    6.0000    7.9648    5.7044    4.9139    3.0353    3.4741    1.4275  3.7159E+00     -0.2765  2.1740E-03
   42.3726    6.0000    7.9648    5.6474    4.9146    3.0371    3.4734    1.4276  3.6496E+00     -0.2765  2.1134E-03
   42.3731    6.0000    7.9648    5.5909    4.9153    3.0389    3.4726    1.4276  3.5841E+00     -0.2765  2.0545E-03
   42.3736    6.0000    7.9648    5.5350    4.9160    3.0407    3.4719    1.4277  3.5193E+00     -0.2765  1.9973E-03
   42.3741    6.0000    7.9648    5.4797    4.9166    3.0425    3.4712    1.4277  3.4554E+00     -0.2765  1.9418E-03
   42.3746    6.0000    7.9648    5.4249    4.9173    3.0443    3.4705    1.4278  3.3922E+00     -0.2765  1.8878E-03
   42.3751    6.0000    7.9648    5.3706    4.9180    3.0461    3.4697    1.4278  3.3297E+00     -0.2765  1.8354E-03
   42.3756    6.0000    7.9648    5.3169    4.9186    3.0478    3.4690    1.4279  3.2681E+00     -0.2765  1.7844E-03
   42.3760    6.0000    7.9648    5.2637    4.9193    3.0496    3.4683    1.4279  3.2071E+00     -0.2765  1.7349E-03
   42.3765    6.0000    7.9648    5.2111    4.9199    3.0514    3.4676    1.4280  3.1469E+00     -0.2765  1.6868E-03
   42.3770    6.0000    7.9648    5.1590    4.9205    3.0531    3.4668    1.4280  3.0874E+00     -0.2765  1.6401E-03
   42.3774    6.0000    7.9648    5.1074    4.9212    3.0549    3.4661    1.4281  3.0287E+00     -0.2765  1.5946E-03
   42.3779    6.0000    7.9648    5.0563    4.9218    3.0566    3.4654    1.4281  2.9707E+00     -0.2765  1.5505E-03
   42.3783    6.0000    7.9648    5.0058    4.9224    3.0583    3.4647    1.4282  2.9134E+00     -0.2765  1.5076E-03
   42.3788    6.0000    7.9648    4.9557    4.9230    3.0601    3.4640    1.4282  2.8568E+00     -0.2765  1.4658E-03
   42.3792    6.0000    7.9648    4.9062    4.9236    3.0618    3.4633    1.4283  2.8009E+00     -0.2765  1.4252E-03
   42.3796    6.0000    7.9648    4.8571    4.9242    3.0635    3.4626    1.4283  2.7457E+00     -0.2765  1.3858E-03
   42.3801    6.0000    7.9648    4.8085    4.9248    3.0652    3.4619    1.4284  2.6912E+00     -0.2765  1.3474E-03
   42.3805    6.0000    7.9648    4.7604    4.9254    3.0669    3.4612    1.4284  2.6374E+00     -0.2765  1.3101E-03
   42.3809    6.0000    7.9648    4.7128    4.9259    3.0686    3.4605    1.4284  2.5843E+00     -0.2765  1.2739E-03
   42.3813    6.0000    7.9648    4.6657    4.9265    3.0703    3.4598    1.4285  2.5318E+00     -0.2765  1.2386E-03
   42.3817    6.0000    7.9648    4.6190    4.9271    3.0719    3.4591    1.4285  2.4800E+00     -0.2765  1.2042E-03
   42.3821    6.0000    7.9648    4.5729    4.9276    3.0736    3.4584    1.4286  2.4289E+00     -0.2765  1.1709E-03
   42.3825    6.0000    7.9648    4.5271    4.9282    3.0753    3.4577    1.4286  2.3785E+00     -0.2765  1.1384E-03
   42.3829    6.0000    7.9648    4.4819    4.9287    3.0769    3.4570    1.4287  2.3287E+00     -0.2765  1.1068E-03
   42.3833    6.0000    7.9648    4.4370    4.9293    3.0786    3.4563    1.4287  2.2795E+00     -0.2765  1.0760E-03
   42.3837    6.0000    7.9648    4.3927    4.9298    3.0802    3.4556    1.4287  2.2310E+00     -0.2765  1.0461E-03
   42.3841    6.0000    7.9648    4.3487    4.9303    3.0818    3.4549    1.4288  2.1832E+00     -0.2765  1.0170E-03
   42.3844    6.0000    7.9648    4.3053    4.9309    3.0835    3.4543    1.4288  2.1359E+00     -0.2765  9.8863E-04
   42.3848    6.0000    7.9648    4.2622    4.9314    3.0851    3.4536    1.4289  2.0893E+00     -0.2765  9.6104E-04
   42.3852    6.0000    7.9648    4.2196    4.9319    3.0867    3.4529    1.4289  2.0434E+00     -0.2765  9.3418E-04
   42.3855    6.0000    7.9648    4.1774    4.9324    3.0883    3.4522    1.4289  1.9980E+00     -0.2765  9.0803E-04
   42.3859    6.0000    7.9648    4.1356    4.9329    3.0899    3.4515    1.4290  1.9533E+00     -0.2765  8.8257E-04
   42.3862    6.0000    7.9648    4.0943    4.9334    3.0915    3.4509    1.4290  1.9092E+00     -0.2765  8.5778E-04
   42.3866    6.0000    7.9648    4.0533    4.9339    3.0931    3.4502    1.4291  1.8657E+00     -0.2765  8.3363E-04
   42.3869    6.0000    7.9648    4.0128    4.9344    3.0946    3.4495    1.4291  1.8228E+00     -0.2765  8.1012E-04
   42.3873    6.0000    7.9648    3.9726    4.9349    3.0962    3.4489    1.4291  1.7805E+00     -0.2765  7.8721E-04
   42.3876    6.0000    7.9648    3.9329    4.9353    3.0978    3.4482    1.4292  1.7388E+00     -0.2765  7.6489E-04
   42.3880    6.0000    7.9648    3.8936    4.9358    3.0993    3.4476    1.4292  1.6976E+00     -0.2765  7.4315E-04
   42.3883    6.0000    7.9648    3.8547    4.9363    3.1009    3.4469    1.4292  1.6571E+00     -0.2765  7.2197E-04
   42.3886    6.0000    7.9648    3.8161    4.9368    3.1024    3.4463    1.4293  1.6171E+00     -0.2765  7.0133E-04
   42.3889    6.0000    7.9648    3.7779    4.9372    3.1039    3.4456    1.4293  1.5778E+00     -0.2765  6.8121E-04
   42.3893    6.0000    7.9648    3.7402    4.9377    3.1055    3.4450    1.4294  1.5390E+00     -0.2765  6.6161E-04
   42.3896    6.0000    7.9648    3.7028    4.9381    3.1070    3.4443    1.4294  1.5007E+00     -0.2765  6.4250E-04
   42.3899    6.0000    7.9648    3.6657    4.9386    3.1085    3.4437    1.4294  1.4631E+00     -0.2765  6.2386E-04
   42.3902    6.0000    7.9648    3.6291    4.9390    3.1100    3.4430    1.4295  1.4260E+00     -0.2765  6.0570E-04
   42.3905    6.0000    7.9648    3.5928    4.9394    3.1115    3.4424    1.4295  1.3894E+00     -0.2765  5.8798E-04
   42.3908    6.0000    7.9648    3.5569    4.9399    3.1130    3.4418    1.4295  1.3534E+00     -0.2765  5.7071E-04
   42.3911    6.0000    7.9648    3.5213    4.9403    3.1144    3.4411    1.4296  1.3180E+00     -0.2765  5.5386E-04
   42.3914    6.0000    7.9648    3.4861    4.9407    3.1159    3.4405    1.4296  1.2831E+00     -0.2765  5.3742E-04
   42.3917    6.0000    7.9648    3.4512    4.9411    3.1174    3.4399    1.4296  1.2487E+00     -0.2765  5.2139E-04
   42.3920    6.0000    7.9648    3.4167    4.9416    3.1188    3.4393    1.4297  1.2149E+00     -0.2765  5.0575E-04
   42.3923    6.0000    7.9648    3.3825    4.9420    3.1202    3.4386    1.4297  1.1816E+00     -0.2765  4.9048E-04
   42.3926    6.0000    7.9648    3.3487    4.9424    3.1217    3.4380    1.4297  1.1489E+00     -0.2765  4.7559E-04
   42.3928    6.0000    7.9648    3.3152    4.9428    3.1231    3.4374    1.4298  1.1167E+00     -0.2765  4.6105E-04
   42.3931    6.0000    7.9648    3.2821    4.9432    3.1245    3.4368    1.4298  1.0850E+00     -0.2765  4.4686E-04
   42.3934    6.0000    7.9648    3.2493    4.9436    3.1259    3.4362    1.4298  1.0538E+00     -0.2765  4.3300E-04
   42.3937    6.0000    7.9648    3.2168    4.9440    3.1273    3.4356    1.4298  1.0232E+00     -0.2765  4.1948E-04
   42.3939    6.0000    7.9648    3.1846    4.9443    3.1287    3.4350    1.4299  9.9307E-01     -0.2765  4.0627E-04
   42.3942    6.0000    7.9648    3.1527    4.9447    3.1301    3.4344    1.4299  9.6345E-01     -0.2765  3.9337E-04
   42.3945    6.0000    7.9648    3.1212    4.9451    3.1315    3.4338    1.4299  9.3435E-01     -0.2765  3.8077E-04
   42.3947    6.0000    7.9648    3.0900    4.9455    3.1328    3.4332    1.4300  9.0575E-01     -0.2765  3.6847E-04
   42.3950    6.0000    7.9648    3.0591    4.9458    3.1342    3.4326    1.4300  8.7765E-01     -0.2765  3.5645E-04
   42.3952    6.0000    7.9648    3.0285    4.9462    3.1355    3.4321    1.4300  8.5006E-01     -0.2765  3.4470E-04
   42.3955    6.0000    7.9648    2.9982    4.9466    3.1368    3.4315    1.4300  8.2296E-01     -0.2765  3.3322E-04
   42.3957    6.0000    7.9648    2.9683    4.9469    3.1382    3.4309    1.4301  7.9636E-01     -0.2765  3.2201E-04
   42.3960    6.0000    7.9648    2.9386    4.9473    3.1395    3.4304    1.4301  7.7025E-01     -0.2765  3.1105E-04
   42.3962    6.0000    7.9648    2.9092    4.9476    3.1408    3.4298    1.4301  7.4463E-01     -0.2765  3.0033E-04
   42.3965    6.0000    7.9648    2.8801    4.9480    3.1421    3.4292    1.4302  7.1950E-01     -0.2765  2.8986E-04
   42.3967    6.0000    7.9648    2.8513    4.9483    3.1433    3.4287    1.4302  6.9484E-01     -0.2765  2.7962E-04
   42.3970    6.0000    7.9648    2.8228    4.9487    3.1446    3.4281    1.4302  6.7067E-01     -0.2765  2.6961E-04
   42.3972    6.0000    7.9648    2.7945    4.9490    3.1459    3.4276    1.4302  6.4698E-01     -0.2765  2.5982E-04
   42.3974    6.0000    7.9648    2.7666    4.9493    3.1471    3.4271    1.4303  6.2376E-01     -0.2765  2.5025E-04
   42.3976    6.0000    7.9648    2.7389    4.9497    3.1483    3.4265    1.4303  6.0102E-01     -0.2765  2.4089E-04
   42.3979    6.0000    7.9648    2.7115    4.9500    3.1495    3.4260    1.4303  5.7874E-01     -0.2765  2.3174E-04
   42.3981    6.0000    7.9648    2.6844    4.9503    3.1507    3.4255    1.4303  5.5694E-01     -0.2765  2.2279E-04
   42.3983    6.0000    7.9648    2.6576    4.9506    3.1519    3.4250    1.4304  5.3559E-01     -0.2765  2.1404E-04
   42.3985    6.0000    7.9648    2.6310    4.9510    3.1531    3.4245    1.4304  5.1471E-01     -0.2765  2.0548E-04
   42.3988    6.0000    7.9648    2.6047    4.9513    3.1543    3.4239    1.4304  4.9429E-01     -0.2765  1.9711E-04
   42.3990    6.0000    7.9648    2.5787    4.9516    3.1554    3.4235    1.4304  4.7433E-01     -0.2765  1.8892E-04
   42.3992    6.0000    7.9648    2.5529    4.9519    3.1566    3.4230    1.4305  4.5482E-01     -0.2765  1.8091E-04
   42.3994    6.0000    7.9648    2.5273    4.9522    3.1577    3.4225    1.4305  4.3576E-01     -0.2765  1.7308E-04
   42.3996    6.0000    7.9648    2.5021    4.9525    3.1588    3.4220    1.4305  4.1716E-01     -0.2765  1.6543E-04
   42.3998    6.0000    7.9648    2.4770    4.9528    3.1599    3.4215    1.4305  3.9899E-01     -0.2765  1.5795E-04
   42.4000    6.0000    7.9648    2.4523    4.9531    3.1610    3.4211    1.4306  3.8128E-01     -0.2765  1.5063E-04
   42.4002    6.0000    7.9648    2.4278    4.9534    3.1620    3.4206    1.4306  3.6400E-01     -0.2765  1.4349E-04
   42.4004    6.0000    7.9648    2.4035    4.9537    3.1631    3.4202    1.4306  3.4717E-01     -0.2765  1.3650E-04
   42.4006    6.0000    7.9648    2.3794    4.9540    3.1641    3.4197    1.4306  3.3077E-01     -0.2765  1.2968E-04
   42.4008    6.0000    7.9648    2.3556    4.9543    3.1651    3.4193    1.4306  3.1481E-01     -0.2765  1.2302E-04
   42.4010    6.0000    7.9648    2.3321    4.9545    3.1661    3.4189    1.4307  2.9929E-01     -0.2765  1.1651E-04
   42.4012    6.0000    7.9648    2.3088    4.9548    3.1670    3.4185    1.4307  2.8419E-01     -0.2765  1.1017E-04
   42.4014    6.0000    7.9648    2.2857    4.9551    3.1680    3.4181    1.4307  2.6953E-01     -0.2765  1.0398E-04
   42.4016    6.0000    7.9648    2.2628    4.9554    3.1689    3.4177    1.4307  2.5528E-01     -0.2765  9.7947E-05
   42.4017    6.0000    7.9648    2.2402    4.9556    3.1698    3.4173    1.4308  2.4147E-01     -0.2765  9.2072E-05
   42.4019    6.0000    7.9648    2.2178    4.9559    3.1707    3.4169    1.4308  2.2807E-01     -0.2765  8.6353E-05
   42.4021    6.0000    7.9648    2.1956    4.9562    3.1715    3.4166    1.4308  2.1510E-01     -0.2765  8.0792E-05
   42.4023    6.0000    7.9648    2.1737    4.9564    3.1723    3.4162    1.4308  2.0254E-01     -0.2765  7.5389E-05
   42.4025    6.0000    7.9648    2.1519    4.9567    3.1731    3.4159    1.4308  1.9040E-01     -0.2765  7.0146E-05
   42.4026    6.0000    7.9648    2.1304    4.9569    3.1739    3.4156    1.4309  1.7867E-01     -0.2765  6.5064E-05
   42.4028    6.0000    7.9648    2.1091    4.9572    3.1746    3.4152    1.4309  1.6735E-01     -0.2765  6.0146E-05
   42.4030    6.0000    7.9648    2.0880    4.9574    3.1753    3.4150    1.4309  1.5643E-01     -0.2765  5.5393E-05
   42.4031    6.0000    7.9648    2.0671    4.9577    3.1760    3.4147    1.4309  1.4592E-01     -0.2765  5.0810E-05
   42.4033    6.0000    7.9648    2.0465    4.9579    3.1767    3.4144    1.4309  1.3581E-01     -0.2765  4.6399E-05
   42.4035    6.0000    7.9648    2.0260    4.9582    3.1773    3.4142    1.4310  1.2611E-01     -0.2765  4.2163E-05
   42.4036    6.0000    7.9648    2.0057    4.9584    3.1778    3.4140    1.4310  1.1679E-01     -0.2765  3.8108E-05
   42.4038    6.0000    7.9648    1.9857    4.9587    3.1795    3.4132    1.4310  1.0788E-01     -0.2765  3.4062E-05
   42.4040    6.0000    7.9648    1.9658    4.9589    3.1823    3.4118    1.4310  9.9348E-02     -0.2765  3.0072E-05
   42.4041    6.0000    7.9648    1.9462    4.9591    3.1851    3.4105    1.4310  9.1208E-02     -0.2765  2.6359E-05
   42.4043    6.0000    7.9648    1.9267    4.9594    3.1877    3.4093    1.4311  8.3453E-02     -0.2765  2.2920E-05
   42.4044    6.0000    7.9648    1.9074    4.9596    3.1902    3.4080    1.4311  7.6078E-02     -0.2765  1.9748E-05
   42.4046    6.0000    7.9648    1.8884    4.9598    3.1927    3.4069    1.4311  6.9081E-02     -0.2765  1.6840E-05
   42.4047    6.0000    7.9648    1.8695    4.9600    3.1950    3.4058    1.4311  6.2458E-02     -0.2765  1.4192E-05
   42.4049    6.0000    7.9648    1.8508    4.9603    3.1972    3.4048    1.4311  5.6206E-02     -0.2765  1.1800E-05
   42.4050    6.0000    7.9648    1.8323    4.9605    3.1992    3.4038    1.4311  5.0319E-02     -0.2765  9.6588E-06
   42.4052    6.0000    7.9648    1.8139    4.9607    3.2012    3.4029    1.4312  4.4795E-02     -0.2765  7.7634E-06
   42.4053    6.0000    7.9648    1.7958    4.9609    3.2030    3.4020    1.4312  3.9628E-02     -0.2765  6.1081E-06
   42.4055    6.0000    7.9648    1.7779    4.9611    3.2029    3.4021    1.4312  3.4813E-02     -0.2765  4.7223E-06
   42.4056    6.0000    7.9648    1.7601    4.9613    3.2027    3.4023    1.4312  3.0346E-02     -0.2765  3.5426E-06
   42.4058    6.0000    7.9648    1.7425    4.9615    3.2023    3.4025    1.4312  2.6221E-02     -0.2765  2.5609E-06
   42.4059    6.0000    7.9648    1.7250    4.9618    3.2017    3.4028    1.4312  2.2431E-02     -0.2765  1.7685E-06
   42.4060    6.0000    7.9648    1.7078    4.9620    3.2011    3.4032    1.4313  1.8970E-02     -0.2765  1.1528E-06
   42.4062    6.0000    7.9648    1.6907    4.9622    3.2002    3.4037    1.4313  1.5833E-02     -0.2765  6.9750E-07
   42.4063    6.0000    7.9648    1.6738    4.9624    3.1991    3.4043    1.4313  1.3009E-02     -0.2765  3.8195E-07
   42.4065    6.0000    7.9648    1.6571    4.9626    3.1977    3.4050    1.4313  1.0493E-02     -0.2765  1.8183E-07
   42.4066    6.0000    7.9648    1.6405    4.9627    3.1961    3.4059    1.4313  8.2747E-03     -0.2765  7.0068E-08
   42.4067    6.0000    7.9648    1.6241    4.9629    3.1941    3.4069    1.4313  6.3450E-03     -0.2765  1.8762E-08
   42.4068    6.0000    7.9648    1.6079    4.9631    3.1917    3.4082    1.4313  4.6937E-03     -0.2765  2.0888E-09
   42.4070    6.0000    7.9648    1.5918    4.9633    3.1888    3.4097    1.4314  3.3105E-03     -0.2765  5.2158E-15
   42.4071    6.0000    7.9648    1.5759    4.9635    3.1851    3.4116    1.4314  2.1844E-03     -0.2765  6.7206E-15
   42.4072    6.0000    7.9648    1.5601    4.9636    3.1803    3.4140    1.4314  1.3049E-03     -0.2765  9.0353E-15
   42.4074    6.0000    7.9648    1.5445    4.9637    3.1739    3.4172    1.4314  6.6226E-04     -0.2765  1.2881E-14
   42.4075    6.0000    7.9648    1.5291    4.9638    3.1648    3.4218    1.4314  2.4731E-04     -0.2765  1.9927E-14
   42.4076    6.0000    7.9648    1.5138    4.9639    3.1508    3.4288    1.4314  4.4570E-05     -0.2765  3.4031E-14
   42.4077    6.0000    7.9648    1.4986    4.9637    3.1260    3.4412    1.4315  3.7907E-07     -0.2765  5.9329E-14
   42.4078    6.0000    7.9648    1.4836    4.9630    3.0730    3.4675    1.4315  1.0000E-10     -0.2765  9.8161E-14
   42.4080    6.0000    7.9648    1.4688    4.9603    2.9218    3.5424    1.4315  1.0000E-10     -0.2765  2.6574E-13
   42.4081    6.0000    7.9648    1.4541    4.9448    2.2420    3.8785    1.4315  1.0000E-10     -0.2765  8.5301E-12
   42.4115    6.0000    7.9648    1.4452    4.8734    0.3425    4.8104    1.4319  1.0000E-10     -0.2765  1.4341E-08
   42.4125    6.0000    7.9648    1.4432    4.8124   -0.4466    5.1897    1.4320  1.0000E-10     -0.2765  5.4248E-08
   42.4134    6.0000    7.9648    1.4418    4.7355   -1.0515    5.4729    1.4321  1.0000E-10     -0.2765  1.2741E-07
   42.4142    6.0000    7.9648    1.4408    4.6423   -1.5066    5.6771    1.4322  1.0000E-10     -0.2765  2.4177E-07
   42.4150    6.0000    7.9648    1.4401    4.5363   -1.8391    5.8169    1.4323  1.0000E-10     -0.2765  3.9011E-07
   42.4159    6.0000    7.9648    1.4395    4.4237   -2.0783    5.9083    1.4324  1.0000E-10     -0.2765  5.5603E-07
   42.4169    6.0000    7.9648    1.4391    4.3096   -2.2516    5.9665    1.4325  1.0000E-10     -0.2765  7.2515E-07
   42.4179    6.0000    7.9648    1.4388    4.1970   -2.3807    6.0029    1.4327  1.0000E-10     -0.2765  9.0274E-07
   42.4190    6.0000    7.9648    1.4386    4.0864   -2.4807    6.0252    1.4328  1.0000E-10     -0.2765  1.0881E-06
   42.4202    6.0000    7.9648    1.4384    3.9768   -2.5614    6.0382    1.4329  1.0000E-10     -0.2765  1.2707E-06
   42.4215    6.0000    7.9648    1.4383    3.8665   -2.6293    6.0446    1.4331  1.0000E-10     -0.2765  1.4542E-06
   42.4229    6.0000    7.9648    1.4382    3.7536   -2.6885    6.0459    1.4333  1.0000E-10     -0.2765  1.6431E-06
   42.4244    6.0000    7.9648    1.4381    3.6357   -2.7416    6.0430    1.4335  1.0000E-10     -0.2765  1.8425E-06
   42.4260    6.0000    7.9648    1.4381    3.5106   -2.7906    6.0362    1.4337  1.0000E-10     -0.2765  2.0586E-06
   42.4276    6.0000    7.9648    1.4381    3.3754   -2.8368    6.0255    1.4339  1.0000E-10     -0.2765  2.2990E-06
   42.4294    6.0000    7.9648    1.4380    3.2275   -2.8810    6.0107    1.4341  1.0000E-10     -0.2765  2.5740E-06
   42.4314    6.0000    7.9648    1.4380    3.0642   -2.9241    5.9913    1.4343  1.0000E-10     -0.2765  2.8981E-06
   42.4337    6.0000    7.9648    1.4380    2.8629   -2.9707    5.9644    1.4346  1.0000E-10     -0.2765  3.3401E-06
   42.4363    6.0000    7.9648    1.4380    2.6421   -3.0163    5.9319    1.4350  1.0000E-10     -0.2765  3.9097E-06
   42.4391    6.0000    7.9648    1.4380    2.4071   -3.0608    5.8955    1.4353  1.0000E-10     -0.2765  4.6858E-06
   42.4422    6.0000    7.9648    1.4380    2.1723   -3.1045    5.8586    1.4357  1.0000E-10     -0.2765  5.8233E-06
   42.4457    6.0000    7.9648    1.4380    1.9642   -3.1473    5.8280    1.4362  1.0000E-10     -0.2765  7.6609E-06
   42.4493    6.0000    7.9648    1.4380    1.8148   -3.1893    5.8116    1.4367  1.0000E-10     -0.2765  1.1047E-05
   42.4530    6.0000    7.9648    1.4380    1.7387   -3.2305    5.8132    1.4372  1.0000E-10     -0.2765  1.8598E-05
   42.4563    6.0000    7.9648    1.4380    1.7164   -3.2708    5.8278    1.4377  1.0000E-10     -0.2765  4.3594E-05
   42.4588   12.0000    1.4380    1.4380    1.7144   -3.3068    5.8453    1.4380  1.0000E-10     42.4588  1.3602E-03
   42.5588   12.0000    1.4380    1.4380    1.3592   -3.3068    5.7565    1.4380  1.0000E-10     42.4588  1.3602E-03
   43.5588   12.0000    1.4380    1.4380    0.4410   -3.3068    5.5269    1.4380  1.0000E-10     42.4588  1.3602E-03
   53.5588   12.0000    1.4380    1.4380   -0.7036   -3.3068    5.2408    1.4380  1.0000E-10     42.4588  1.3602E-03
  153.5588   12.0000    1.4380    1.4380   -1.8800   -3.3068    4.9467    1.4380  1.0000E-10     42.4588  1.3602E-03
  653.5588   12.0000    1.4380    1.4380   -2.7533   -3.3068    4.7283    1.4380  1.0000E-10     42.4588  1.3602E-03
 1153.5588   12.0000    1.4380    1.4380   -3.0596   -3.3068    4.6518    1.4380  1.0000E-10     42.4588  1.3602E-03
 1653.5588   12.0000    1.4380    1.4380   -3.2500   -3.3068    4.6042    1.4380  1.0000E-10     42.4588  1.3602E-03
 2153.5588   12.0000    1.4380    1.4380   -3.3885   -3.3068    4.5695    1.4380  1.0000E-10     42.4588  1.3602E-03
 2653.5588   12.0000    1.4380    1.4380   -3.4974   -3.3068    4.5423    1.4380  1.0000E-10     42.4588  1.3602E-03
 3153.5588   12.0000    1.4380    1.4380   -3.5872   -3.3068    4.5199    1.4380  1.0000E-10     42.4588  1.3602E-03
 3653.5588   12.0000    1.4380    1.4380   -3.6636   -3.3068    4.5008    1.4380  1.0000E-10     42.4588  1.3602E-03
 4153.5586   12.0000    1.4380    1.4380   -3.7300   -3.3068    4.4842    1.4380  1.0000E-10     42.4588  1.3602E-03
 4653.5586   12.0000    1.4380    1.4380   -3.7889   -3.3068    4.4694    1.4380  1.0000E-10     42.4588  1.3602E-03
 5153.5586   12.0000    1.4380    1.4380   -3.8416   -3.3068    4.4563    1.4380  1.0000E-10     42.4588  1.3602E-03
 5653.5586   12.0000    1.4380    1.4380   -3.8895   -3.3068    4.4443    1.4380  1.0000E-10     42.4588  1.3602E-03
 6153.5586   12.0000    1.4380    1.4380   -3.9332   -3.3068    4.4334    1.4380  1.0000E-10     42.4588  1.3602E-03
 6653.5586   12.0000    1.4380    1.4380   -3.9735   -3.3068    4.4233    1.4380  1.0000E-10     42.4588  1.3602E-03
 7153.5586   12.0000    1.4380    1.4380   -4.0109   -3.3068    4.4139    1.4380  1.0000E-10     42.4588  1.3602E-03
 7653.5586   12.0000    1.4380    1.4380   -4.0457   -3.3068    4.4052    1.4380  1.0000E-10     42.4588  1.3602E-03
 8153.5586   12.0000    1.4380    1.4380   -4.0783   -3.3068    4.3971    1.4380  1.0000E-10     42.4588  1.3602E-03
 8653.5586   12.0000    1.4380    1.4380   -4.1089   -3.3068    4.3894    1.4380  1.0000E-10     42.4588  1.3602E-03
 9153.5586   12.0000    1.4380    1.4380   -4.1661   -3.3068    4.3751    1.4380  1.0000E-10     42.4588  1.3602E-03
 9653.5586   12.0000    1.4380    1.4380   -4.3165   -3.3068    4.3375    1.4380  1.0000E-10     42.4588  1.3602E-03
10153.5586   12.0000    1.4380    1.4380   -4.4592   -3.3068    4.3019    1.4380  1.0000E-10     42.4588  1.3602E-03
10653.5586   12.0000    1.4380    1.4380   -4.5950   -3.3068    4.2679    1.4380  1.0000E-10     42.4588  1.3602E-03
11153.5586   12.0000    1.4380    1.4380   -4.7246   -3.3068    4.2355    1.4380  1.0000E-10     42.4588  1.3602E-03
11653.5586   12.0000    1.4380    1.4380   -4.8485   -3.3068    4.2045    1.4380  1.0000E-10     42.4588  1.3602E-03
12000.0000   12.0000    1.4380    1.4380   -4.9312   -3.3068    4.1839    1.4380  1.0000E-10     42.4588  1.3602E-03