 Tev(Myr)    type      Mo        Mt      log10(L)  log10(R) log10(Teff)  Mc        Menv              epoch      spin                                  
    0.0000    1.0000   12.0000   12.0000    3.9925    0.6429    4.4399    0.0000  1.0000E-10      0.0000  2.3393E+03
    0.8872    1.0000   11.9962   11.9962    4.0028    0.6537    4.4371    0.0000  1.0000E-10      0.0000  2.2773E+03
    1.7748    1.0000   11.9923   11.9923    4.0141    0.6646    4.4345    0.0000  1.0000E-10     -0.0005  2.2152E+03
    2.6629    1.0000   11.9881   11.9881    4.0266    0.6757    4.4320    0.0000  1.0000E-10     -0.0015  2.1528E+03
    3.5515    1.0000   11.9837   11.9837    4.0401    0.6872    4.4297    0.0000  1.0000E-10     -0.0031  2.0893E+03
    4.4406    1.0000   11.9791   11.9791    4.0547    0.6990    4.4274    0.0000  1.0000E-10     -0.0054  2.0245E+03
    5.3303    1.0000   11.9741   11.9741    4.0704    0.7114    4.4252    0.0000  1.0000E-10     -0.0084  1.9579E+03
    6.2207    1.0000   11.9687   11.9687    4.0871    0.7244    4.4229    0.0000  1.0000E-10     -0.0123  1.8890E+03
    7.1116    1.0000   11.9630   11.9630    4.1050    0.7381    4.4205    0.0000  1.0000E-10     -0.0172  1.8176E+03
    8.0033    1.0000   11.9568   11.9568    4.1238    0.7527    4.4179    0.0000  1.0000E-10     -0.0233  1.7434E+03
    8.8957    1.0000   11.9500   11.9500    4.1437    0.7683    4.4151    0.0000  1.0000E-10     -0.0307  1.6659E+03
    9.7890    1.0000   11.9427   11.9427    4.1647    0.7850    4.4119    0.0000  1.0000E-10     -0.0398  1.5849E+03
   10.6832    1.0000   11.9346   11.9346    4.1867    0.8031    4.4084    0.0000  1.0000E-10     -0.0507  1.4997E+03
   11.5783    1.0000   11.9257   11.9257    4.2096    0.8230    4.4042    0.0000  1.0000E-10     -0.0638  1.4096E+03
   12.4746    1.0000   11.9159   11.9159    4.2336    0.8451    4.3991    0.0000  1.0000E-10     -0.0796  1.3133E+03
   13.3720    1.0000   11.9049   11.9049    4.2586    0.8704    4.3927    0.0000  1.0000E-10     -0.0987  1.2091E+03
   14.2709    1.0000   11.8925   11.8925    4.2845    0.9002    4.3843    0.0000  1.0000E-10     -0.1219  1.0943E+03
   15.1712    1.0000   11.8783   11.8783    4.3113    0.9366    4.3728    0.0000  1.0000E-10     -0.1501  9.6604E+02
   15.9693    1.0000   11.8638   11.8638    4.3357    0.9767    4.3588    0.0000  1.0000E-10     -0.1810  8.3862E+02
   16.6084    1.0000   11.8504   11.8504    4.3556    1.0163    4.3440    0.0000  1.0000E-10     -0.2111  7.2640E+02
   17.1366    1.0000   11.8378   11.8378    4.3723    1.0557    4.3285    0.0000  1.0000E-10     -0.2407  6.2730E+02
   17.9041    1.0000   11.8171   11.8171    4.4675    1.0274    4.3664    0.0000  1.0000E-10     -0.2910  6.6614E+02
   17.9063    1.0000   11.8171   11.8171    4.4693    1.0239    4.3686    0.0000  1.0000E-10     -0.2912  6.7364E+02
   17.9063    2.0000   11.8171   11.8171    4.4693    1.0240    4.3686    2.6973  1.0000E-10     -0.2912  8.7042E+02
   17.9076    2.0000   11.8170   11.8170    4.4616    1.0650    4.3462    2.6989  1.0000E-10     -0.2913  7.6110E+02
   17.9088    2.0000   11.8170   11.8170    4.4538    1.1060    4.3237    2.7005  1.0000E-10     -0.2914  6.6294E+02
   17.9100    2.0000   11.8169   11.8169    4.4461    1.1471    4.3013    2.7020  1.0000E-10     -0.2915  5.7531E+02
   17.9113    2.0000   11.8169   11.8169    4.4384    1.1881    4.2788    2.7036  1.0000E-10     -0.2916  4.9753E+02
   17.9125    2.0000   11.8168   11.8168    4.4306    1.2291    4.2564    2.7052  1.0000E-10     -0.2917  4.2887E+02
   17.9137    2.0000   11.8168   11.8168    4.4229    1.2701    4.2339    2.7067  1.0000E-10     -0.2919  3.6856E+02
   17.9150    2.0000   11.8167   11.8167    4.4152    1.3111    4.2115    2.7083  1.0000E-10     -0.2920  3.1584E+02
   17.9162    2.0000   11.8167   11.8167    4.4074    1.3521    4.1891    2.7098  1.0000E-10     -0.2922  2.6996E+02
   17.9174    2.0000   11.8166   11.8166    4.3997    1.3932    4.1666    2.7114  1.0000E-10     -0.2923  2.3019E+02
   17.9187    2.0000   11.8165   11.8165    4.3920    1.4342    4.1442    2.7130  1.0000E-10     -0.2925  1.9586E+02
   17.9199    2.0000   11.8165   11.8165    4.3842    1.4752    4.1217    2.7145  1.0000E-10     -0.2927  1.6632E+02
   17.9211    2.0000   11.8164   11.8164    4.3765    1.5162    4.0993    2.7161  1.0000E-10     -0.2929  1.4098E+02
   17.9224    2.0000   11.8163   11.8163    4.3688    1.5572    4.0768    2.7176  1.0000E-10     -0.2931  1.1931E+02
   17.9236    2.0000   11.8162   11.8162    4.3610    1.5983    4.0544    2.7192  1.0000E-10     -0.2933  1.0082E+02
   17.9248    2.0000   11.8161   11.8161    4.3533    1.6393    4.0320    2.7207  1.0000E-10     -0.2935  8.5090E+01
   17.9261    2.0000   11.8160   11.8160    4.3456    1.6803    4.0095    2.7223  1.0000E-10     -0.2938  7.1728E+01
   17.9273    2.0000   11.8159   11.8159    4.3378    1.7213    3.9871    2.7238  1.0000E-10     -0.2940  6.0401E+01
   17.9285    2.0000   11.8158   11.8158    4.3301    1.7623    3.9646    2.7254  1.0000E-10     -0.2943  5.0816E+01
   17.9298    2.0000   11.8157   11.8157    4.3224    1.8033    3.9422    2.7269  1.0000E-10     -0.2946  4.2716E+01
   17.9310    2.0000   11.8156   11.8156    4.3146    1.8444    3.9197    2.7285  1.0000E-10     -0.2949  3.5880E+01
   17.9322    2.0000   11.8155   11.8155    4.3069    1.8854    3.8973    2.7300  1.0000E-10     -0.2952  3.0119E+01
   17.9335    2.0000   11.8154   11.8154    4.2991    1.9264    3.8749    2.7316  1.0000E-10     -0.2955  2.5267E+01
   17.9347    2.0000   11.8152   11.8152    4.2914    1.9674    3.8524    2.7331  1.0000E-10     -0.2959  2.1186E+01
   17.9359    2.0000   11.8151   11.8151    4.2837    2.0084    3.8300    2.7346  1.0000E-10     -0.2962  1.7756E+01
   17.9372    2.0000   11.8149   11.8149    4.2759    2.0494    3.8075    2.7362  1.0000E-10     -0.2966  1.4875E+01
   17.9384    2.0000   11.8148   11.8148    4.2682    2.0904    3.7851    2.7377  1.0000E-10     -0.2970  1.2457E+01
   17.9396    2.0000   11.8146   11.8146    4.2604    2.1314    3.7627    2.7392  1.0000E-10     -0.2975  1.0428E+01
   17.9409    2.0000   11.8144   11.8144    4.2527    2.1725    3.7402    2.7407  1.0000E-10     -0.2979  8.7269E+00
   17.9421    2.0000   11.8142   11.8142    4.2449    2.2135    3.7178    2.7423  1.0000E-10     -0.2984  7.3014E+00
   17.9433    2.0000   11.8140   11.8140    4.2372    2.2545    3.6953    2.7438  1.0000E-10     -0.2989  6.1072E+00
   17.9446    2.0000   11.8138   11.8138    4.2294    2.2955    3.6729    2.7453  1.9773E-03     -0.2995  4.8318E+00
   17.9458    2.0000   11.8136   11.8136    4.2217    2.3365    3.6504    2.7468  8.3785E-02     -0.3000  2.7619E+00
   17.9470    2.0000   11.8133   11.8133    4.2139    2.3775    3.6280    2.7483  7.6231E-01     -0.3006  1.1595E+00
   17.9483    2.0000   11.8131   11.8131    4.2062    2.4187    3.6055    2.7498  3.7809E+00     -0.3013  4.5895E-01
   17.9484    2.0000   11.8131   11.8131    4.2051    2.4240    3.6025    2.7500  4.5315E+00     -0.3014  4.0808E-01
   17.9484    3.0000   11.8131   11.8131    4.2053    2.4241    3.6025    2.7500  4.5335E+00     -0.3014  4.0786E-01
   17.9485    3.0000   11.8131   11.8130    4.2107    2.4281    3.6019    2.7500  4.6134E+00     -0.3014  3.9956E-01
   17.9486    3.0000   11.8131   11.8130    4.2162    2.4321    3.6013    2.7500  4.6935E+00     -0.3014  3.9142E-01
   17.9487    3.0000   11.8131   11.8130    4.2216    2.4361    3.6006    2.7500  4.7739E+00     -0.3014  3.8345E-01
   17.9487    3.0000   11.8131   11.8130    4.2271    2.4400    3.6000    2.7500  4.8546E+00     -0.3014  3.7565E-01
   17.9488    3.0000   11.8131   11.8130    4.2326    2.4440    3.5994    2.7500  4.9355E+00     -0.3014  3.6801E-01
   17.9489    3.0000   11.8131   11.8130    4.2380    2.4480    3.5988    2.7500  5.0166E+00     -0.3014  3.6052E-01
   17.9489    3.0000   11.8131   11.8129    4.2435    2.4520    3.5982    2.7500  5.0980E+00     -0.3014  3.5319E-01
   17.9490    3.0000   11.8131   11.8129    4.2489    2.4559    3.5975    2.7500  5.1795E+00     -0.3014  3.4600E-01
   17.9491    3.0000   11.8131   11.8129    4.2544    2.4599    3.5969    2.7500  5.2612E+00     -0.3014  3.3896E-01
   17.9491    3.0000   11.8131   11.8129    4.2598    2.4639    3.5963    2.7500  5.3430E+00     -0.3014  3.3206E-01
   17.9492    3.0000   11.8131   11.8129    4.2653    2.4679    3.5957    2.7500  5.4250E+00     -0.3014  3.2531E-01
   17.9493    3.0000   11.8131   11.8129    4.2707    2.4719    3.5950    2.7500  5.5070E+00     -0.3014  3.1868E-01
   17.9493    3.0000   11.8131   11.8128    4.2762    2.4758    3.5944    2.7500  5.5892E+00     -0.3014  3.1220E-01
   17.9494    3.0000   11.8131   11.8128    4.2817    2.4798    3.5938    2.7500  5.6714E+00     -0.3014  3.0584E-01
   17.9495    3.0000   11.8131   11.8128    4.2871    2.4838    3.5931    2.7500  5.7536E+00     -0.3014  2.9960E-01
   17.9495    3.0000   11.8131   11.8128    4.2926    2.4878    3.5925    2.7500  5.8359E+00     -0.3014  2.9350E-01
   17.9496    3.0000   11.8131   11.8128    4.2980    2.4918    3.5919    2.7501  5.9181E+00     -0.3014  2.8751E-01
   17.9496    3.0000   11.8131   11.8127    4.3035    2.4957    3.5913    2.7501  6.0003E+00     -0.3014  2.8164E-01
   17.9497    3.0000   11.8131   11.8127    4.3089    2.4997    3.5906    2.7501  6.0824E+00     -0.3014  2.7589E-01
   17.9498    3.0000   11.8131   11.8127    4.3144    2.5037    3.5900    2.7501  6.1644E+00     -0.3014  2.7025E-01
   17.9498    3.0000   11.8131   11.8127    4.3199    2.5077    3.5894    2.7501  6.2463E+00     -0.3014  2.6472E-01
   17.9499    3.0000   11.8131   11.8127    4.3253    2.5117    3.5888    2.7501  6.3281E+00     -0.3014  2.5930E-01
   17.9499    3.0000   11.8131   11.8126    4.3308    2.5157    3.5881    2.7501  6.4096E+00     -0.3014  2.5398E-01
   17.9500    3.0000   11.8131   11.8126    4.3362    2.5197    3.5875    2.7501  6.4909E+00     -0.3014  2.4877E-01
   17.9500    3.0000   11.8131   11.8126    4.3417    2.5236    3.5869    2.7501  6.5720E+00     -0.3014  2.4366E-01
   17.9501    3.0000   11.8131   11.8126    4.3471    2.5276    3.5862    2.7501  6.6527E+00     -0.3014  2.3865E-01
   17.9502    3.0000   11.8131   11.8126    4.3526    2.5316    3.5856    2.7501  6.7331E+00     -0.3014  2.3373E-01
   17.9502    3.0000   11.8131   11.8125    4.3580    2.5356    3.5850    2.7501  6.8132E+00     -0.3014  2.2891E-01
   17.9503    3.0000   11.8131   11.8125    4.3635    2.5396    3.5843    2.7501  6.8928E+00     -0.3014  2.2418E-01
   17.9503    3.0000   11.8131   11.8125    4.3690    2.5436    3.5837    2.7501  6.9719E+00     -0.3014  2.1955E-01
   17.9504    3.0000   11.8131   11.8125    4.3744    2.5476    3.5831    2.7501  7.0506E+00     -0.3014  2.1500E-01
   17.9504    3.0000   11.8131   11.8125    4.3799    2.5516    3.5825    2.7501  7.1287E+00     -0.3014  2.1054E-01
   17.9505    3.0000   11.8131   11.8124    4.3853    2.5556    3.5818    2.7501  7.2063E+00     -0.3014  2.0616E-01
   17.9505    3.0000   11.8131   11.8124    4.3908    2.5595    3.5812    2.7501  7.2832E+00     -0.3014  2.0186E-01
   17.9506    3.0000   11.8131   11.8124    4.3962    2.5635    3.5806    2.7501  7.3594E+00     -0.3014  1.9765E-01
   17.9506    3.0000   11.8131   11.8124    4.4017    2.5675    3.5799    2.7501  7.4348E+00     -0.3014  1.9352E-01
   17.9507    3.0000   11.8131   11.8123    4.4071    2.5715    3.5793    2.7501  7.5095E+00     -0.3014  1.8946E-01
   17.9507    3.0000   11.8131   11.8123    4.4126    2.5755    3.5787    2.7501  7.5834E+00     -0.3014  1.8548E-01
   17.9508    3.0000   11.8131   11.8123    4.4181    2.5795    3.5780    2.7501  7.6563E+00     -0.3014  1.8158E-01
   17.9508    3.0000   11.8131   11.8123    4.4235    2.5835    3.5774    2.7501  7.7283E+00     -0.3014  1.7774E-01
   17.9509    3.0000   11.8131   11.8122    4.4290    2.5875    3.5768    2.7501  7.7992E+00     -0.3014  1.7398E-01
   17.9509    3.0000   11.8131   11.8122    4.4344    2.5915    3.5761    2.7501  7.8691E+00     -0.3014  1.7029E-01
   17.9510    3.0000   11.8131   11.8122    4.4399    2.5955    3.5755    2.7501  7.9378E+00     -0.3014  1.6667E-01
   17.9510    3.0000   11.8131   11.8121    4.4453    2.5995    3.5749    2.7501  8.0053E+00     -0.3014  1.6312E-01
   17.9511    3.0000   11.8131   11.8121    4.4508    2.6035    3.5742    2.7501  8.0716E+00     -0.3014  1.5963E-01
   17.9511    3.0000   11.8131   11.8121    4.4563    2.6075    3.5736    2.7501  8.1365E+00     -0.3014  1.5621E-01
   17.9512    3.0000   11.8131   11.8121    4.4617    2.6115    3.5730    2.7501  8.2000E+00     -0.3014  1.5285E-01
   17.9512    3.0000   11.8131   11.8120    4.4672    2.6155    3.5723    2.7501  8.2619E+00     -0.3014  1.4955E-01
   17.9513    3.0000   11.8131   11.8120    4.4726    2.6195    3.5717    2.7501  8.3223E+00     -0.3014  1.4631E-01
   17.9513    3.0000   11.8131   11.8120    4.4781    2.6235    3.5710    2.7501  8.3811E+00     -0.3014  1.4314E-01
   17.9513    3.0000   11.8131   11.8119    4.4835    2.6275    3.5704    2.7501  8.4381E+00     -0.3014  1.4002E-01
   17.9514    3.0000   11.8131   11.8119    4.4890    2.6315    3.5698    2.7501  8.4933E+00     -0.3014  1.3696E-01
   17.9514    3.0000   11.8131   11.8119    4.4944    2.6355    3.5691    2.7501  8.5465E+00     -0.3014  1.3396E-01
   17.9515    3.0000   11.8131   11.8119    4.4999    2.6395    3.5685    2.7501  8.5978E+00     -0.3014  1.3101E-01
   17.9515    3.0000   11.8131   11.8118    4.5054    2.6435    3.5679    2.7501  8.6470E+00     -0.3014  1.2812E-01
   17.9515    3.0000   11.8131   11.8118    4.5108    2.6475    3.5672    2.7501  8.6940E+00     -0.3014  1.2528E-01
   17.9516    3.0000   11.8131   11.8118    4.5163    2.6515    3.5666    2.7501  8.7387E+00     -0.3014  1.2249E-01
   17.9516    3.0000   11.8131   11.8117    4.5217    2.6555    3.5659    2.7501  8.7810E+00     -0.3014  1.1975E-01
   17.9517    3.0000   11.8131   11.8117    4.5272    2.6595    3.5653    2.7501  8.8208E+00     -0.3014  1.1707E-01
   17.9517    3.0000   11.8131   11.8117    4.5326    2.6635    3.5647    2.7501  8.8580E+00     -0.3014  1.1444E-01
   17.9517    3.0000   11.8131   11.8116    4.5381    2.6675    3.5640    2.7501  8.8925E+00     -0.3014  1.1185E-01
   17.9518    3.0000   11.8131   11.8116    4.5435    2.6715    3.5634    2.7501  8.9242E+00     -0.3014  1.0931E-01
   17.9518    3.0000   11.8131   11.8116    4.5490    2.6755    3.5628    2.7501  8.9529E+00     -0.3014  1.0682E-01
   17.9519    3.0000   11.8131   11.8115    4.5545    2.6795    3.5621    2.7501  8.9785E+00     -0.3014  1.0438E-01
   17.9519    3.0000   11.8131   11.8115    4.5599    2.6836    3.5615    2.7501  9.0010E+00     -0.3014  1.0198E-01
   17.9519    3.0000   11.8131   11.8115    4.5654    2.6876    3.5608    2.7501  9.0201E+00     -0.3014  9.9633E-02
   17.9520    3.0000   11.8131   11.8114    4.5708    2.6916    3.5602    2.7501  9.0357E+00     -0.3014  9.7327E-02
   17.9520    3.0000   11.8131   11.8114    4.5763    2.6956    3.5596    2.7501  9.0478E+00     -0.3014  9.5064E-02
   17.9521    3.0000   11.8131   11.8113    4.5817    2.6996    3.5589    2.7501  9.0560E+00     -0.3014  9.2845E-02
   17.9521    3.0000   11.8131   11.8113    4.5872    2.7036    3.5583    2.7501  9.0605E+00     -0.3014  9.0668E-02
   17.9521    4.0000   11.8131   11.8113    4.5905    2.7060    3.5579    2.7501  9.0612E+00     -0.3014  8.9384E-02
   17.9724    4.0000   11.8131   11.7892    4.5718    2.6926    3.5599    2.7588  9.0304E+00     -0.3014  9.6043E-02
   17.9927    4.0000   11.8131   11.7687    4.5542    2.6800    3.5618    2.7675  9.0012E+00     -0.3014  1.0266E-01
   18.0130    4.0000   11.8131   11.7497    4.5376    2.6681    3.5636    2.7762  8.9735E+00     -0.3014  1.0921E-01
   18.0332    4.0000   11.8131   11.7320    4.5221    2.6569    3.5653    2.7848  8.9471E+00     -0.3014  1.1564E-01
   18.0535    4.0000   11.8131   11.7154    4.5075    2.6465    3.5669    2.7935  8.9219E+00     -0.3014  1.2192E-01
   18.0738    4.0000   11.8131   11.6998    4.4939    2.6368    3.5684    2.8022  8.8976E+00     -0.3014  1.2801E-01
   18.0941    4.0000   11.8131   11.6850    4.4812    2.6277    3.5697    2.8109  8.8742E+00     -0.3014  1.3390E-01
   18.1144    4.0000   11.8131   11.6711    4.4694    2.6193    3.5710    2.8196  8.8515E+00     -0.3014  1.3954E-01
   18.1346    4.0000   11.8131   11.6578    4.4585    2.6114    3.5722    2.8282  8.8295E+00     -0.3014  1.4492E-01
   18.1549    4.0000   11.8131   11.6451    4.4484    2.6042    3.5733    2.8369  8.8082E+00     -0.3014  1.5001E-01
   18.1752    4.0000   11.8131   11.6329    4.4391    2.5976    3.5742    2.8456  8.7873E+00     -0.3014  1.5480E-01
   18.1955    4.0000   11.8131   11.6212    4.4305    2.5915    3.5752    2.8543  8.7669E+00     -0.3014  1.5927E-01
   18.2158    4.0000   11.8131   11.6099    4.4227    2.5859    3.5760    2.8630  8.7469E+00     -0.3014  1.6341E-01
   18.2361    4.0000   11.8131   11.5990    4.4155    2.5809    3.5767    2.8716  8.7273E+00     -0.3014  1.6721E-01
   18.2563    4.0000   11.8131   11.5884    4.4091    2.5763    3.5774    2.8803  8.7081E+00     -0.3014  1.7067E-01
   18.2766    4.0000   11.8131   11.5780    4.4032    2.5722    3.5780    2.8890  8.6891E+00     -0.3014  1.7379E-01
   18.2969    4.0000   11.8131   11.5680    4.3980    2.5685    3.5785    2.8977  8.6703E+00     -0.3014  1.7656E-01
   18.3172    4.0000   11.8131   11.5581    4.3933    2.5652    3.5790    2.9063  8.6518E+00     -0.3014  1.7900E-01
   18.3375    4.0000   11.8131   11.5485    4.3892    2.5623    3.5794    2.9150  8.6334E+00     -0.3014  1.8110E-01
   18.3577    4.0000   11.8131   11.5390    4.3855    2.5598    3.5798    2.9237  8.6153E+00     -0.3014  1.8289E-01
   18.3780    4.0000   11.8131   11.5296    4.3823    2.5576    3.5801    2.9324  8.5972E+00     -0.3014  1.8437E-01
   18.3983    4.0000   11.8131   11.5204    4.3796    2.5557    3.5803    2.9411  8.5793E+00     -0.3014  1.8555E-01
   18.4186    4.0000   11.8131   11.5113    4.3773    2.5542    3.5805    2.9497  8.5615E+00     -0.3014  1.8646E-01
   18.4389    4.0000   11.8131   11.5022    4.3753    2.5529    3.5807    2.9584  8.5438E+00     -0.3014  1.8712E-01
   18.4592    4.0000   11.8131   11.4933    4.3737    2.5518    3.5808    2.9671  8.5262E+00     -0.3014  1.8753E-01
   18.4794    4.0000   11.8131   11.4844    4.3724    2.5510    3.5809    2.9758  8.5086E+00     -0.3014  1.8773E-01
   18.4997    4.0000   11.8131   11.4755    4.3713    2.5504    3.5809    2.9845  8.4911E+00     -0.3014  1.8773E-01
   18.5200    4.0000   11.8131   11.4667    4.3705    2.5499    3.5809    2.9931  8.4736E+00     -0.3014  1.8756E-01
   18.5403    4.0000   11.8131   11.4579    4.3699    2.5496    3.5809    3.0018  8.4561E+00     -0.3014  1.8724E-01
   18.5606    4.0000   11.8131   11.4492    4.3695    2.5495    3.5809    3.0105  8.4387E+00     -0.3014  1.8679E-01
   18.5808    4.0000   11.8131   11.4404    4.3693    2.5494    3.5809    3.0192  8.4212E+00     -0.3014  1.8624E-01
   18.6011    4.0000   11.8131   11.4317    4.3691    2.5494    3.5808    3.0279  8.4038E+00     -0.3014  1.8561E-01
   18.6214    4.0000   11.8131   11.4229    4.3690    2.5495    3.5808    3.0365  8.3864E+00     -0.3014  1.8492E-01
   18.6417    4.0000   11.8131   11.4142    4.3690    2.5496    3.5807    3.0452  8.3690E+00     -0.3014  1.8420E-01
   18.6620    4.0000   11.8131   11.4055    4.4042    2.5125    3.6081    3.0539  2.2740E+00     -0.3014  4.0693E-01
   18.6735    4.0000   11.8131   11.4004    4.4172    2.4694    3.6329    3.0588  3.1076E-01     -0.3014  1.0427E+00
   18.6854    4.0000   11.8131   11.3953    4.4266    2.4264    3.6567    3.0639  1.3840E-02     -0.3014  2.1242E+00
   18.6977    4.0000   11.8131   11.3903    4.4344    2.3836    3.6801    3.0692  2.7661E-06     -0.3014  2.8778E+00
   18.7105    4.0000   11.8131   11.3854    4.4412    2.3409    3.7031    3.0747  1.0000E-10     -0.3014  3.3920E+00
   18.7239    4.0000   11.8131   11.3806    4.4474    2.2983    3.7260    3.0804  1.0000E-10     -0.3014  3.9941E+00
   18.7378    4.0000   11.8131   11.3760    4.4532    2.2560    3.7486    3.0864  1.0000E-10     -0.3014  4.7021E+00
   18.7524    4.0000   11.8131   11.3713    4.4587    2.2138    3.7711    3.0926  1.0000E-10     -0.3014  5.5338E+00
   18.7678    4.0000   11.8131   11.3668    4.4640    2.1717    3.7934    3.0992  1.0000E-10     -0.3014  6.5096E+00
   18.7840    4.0000   11.8131   11.3622    4.4691    2.1299    3.8156    3.1061  1.0000E-10     -0.3014  7.6526E+00
   18.8012    4.0000   11.8131   11.3577    4.4741    2.0883    3.8377    3.1135  1.0000E-10     -0.3014  8.9888E+00
   18.8214    4.0000   11.8131   11.3528    4.4796    2.0428    3.8618    3.1221  1.0000E-10     -0.3014  1.0716E+01
   18.8417    4.0000   11.8131   11.3481    4.4848    2.0009    3.8840    3.1308  1.0000E-10     -0.3014  1.2590E+01
   18.8620    4.0000   11.8131   11.3437    4.4896    1.9626    3.9044    3.1395  1.0000E-10     -0.3014  1.4583E+01
   18.8823    4.0000   11.8131   11.3396    4.4941    1.9277    3.9229    3.1482  1.0000E-10     -0.3014  1.6664E+01
   18.9026    4.0000   11.8131   11.3357    4.4984    1.8960    3.9399    3.1569  1.0000E-10     -0.3014  1.8793E+01
   18.9228    4.0000   11.8131   11.3320    4.5025    1.8674    3.9552    3.1655  1.0000E-10     -0.3014  2.0931E+01
   18.9431    4.0000   11.8131   11.3284    4.5064    1.8417    3.9690    3.1742  1.0000E-10     -0.3014  2.3035E+01
   18.9634    4.0000   11.8131   11.3250    4.5102    1.8188    3.9814    3.1829  1.0000E-10     -0.3014  2.5065E+01
   18.9837    4.0000   11.8131   11.3216    4.5138    1.7985    3.9925    3.1916  1.0000E-10     -0.3014  2.6983E+01
   19.0040    4.0000   11.8131   11.3184    4.5173    1.7806    4.0023    3.2003  1.0000E-10     -0.3014  2.8758E+01
   19.0243    4.0000   11.8131   11.3152    4.5206    1.7650    4.0109    3.2089  1.0000E-10     -0.3014  3.0361E+01
   19.0445    4.0000   11.8131   11.3121    4.5239    1.7515    4.0185    3.2176  1.0000E-10     -0.3014  3.1772E+01
   19.0648    4.0000   11.8131   11.3090    4.5271    1.7401    4.0250    3.2263  1.0000E-10     -0.3014  3.2980E+01
   19.0851    4.0000   11.8131   11.3060    4.5301    1.7304    4.0306    3.2350  1.0000E-10     -0.3014  3.3976E+01
   19.1054    4.0000   11.8131   11.3030    4.5331    1.7224    4.0353    3.2436  1.0000E-10     -0.3014  3.4764E+01
   19.1257    4.0000   11.8131   11.3000    4.5360    1.7159    4.0393    3.2523  1.0000E-10     -0.3014  3.5348E+01
   19.1459    4.0000   11.8131   11.2970    4.5388    1.7108    4.0426    3.2610  1.0000E-10     -0.3014  3.5741E+01
   19.1662    4.0000   11.8131   11.2941    4.5416    1.7068    4.0453    3.2697  1.0000E-10     -0.3014  3.5961E+01
   19.1865    4.0000   11.8131   11.2911    4.5443    1.7039    4.0474    3.2784  1.0000E-10     -0.3014  3.6026E+01
   19.2068    4.0000   11.8131   11.2881    4.5469    1.7018    4.0491    3.2870  1.0000E-10     -0.3014  3.5965E+01
   19.2271    4.0000   11.8131   11.2852    4.5495    1.7002    4.0505    3.2957  1.0000E-10     -0.3014  3.5817E+01
   19.2474    4.0000   11.8131   11.2822    4.5520    1.6992    4.0516    3.3044  1.0000E-10     -0.3014  3.5584E+01
   19.2676    4.0000   11.8131   11.2792    4.5545    1.6987    4.0526    3.3131  1.0000E-10     -0.3014  3.5292E+01
   19.2879    4.0000   11.8131   11.2761    4.5569    1.6983    4.0533    3.3218  1.0000E-10     -0.3014  3.4965E+01
   19.3082    4.0000   11.8131   11.2731    4.5593    1.6980    4.0541    3.3304  1.0000E-10     -0.3014  3.4625E+01
   19.3285    4.0000   11.8131   11.2700    4.5616    1.6979    4.0547    3.3391  1.0000E-10     -0.3014  3.4272E+01
   19.3488    4.0000   11.8131   11.2669    4.5639    1.6979    4.0553    3.3478  1.0000E-10     -0.3014  3.3886E+01
   19.3690    4.0000   11.8131   11.2638    4.5661    1.6984    4.0556    3.3565  1.0000E-10     -0.3014  3.3445E+01
   19.3893    4.0000   11.8131   11.2607    4.5683    1.6994    4.0556    3.3652  1.0000E-10     -0.3014  3.2928E+01
   19.4096    4.0000   11.8131   11.2575    4.5705    1.7012    4.0553    3.3738  1.0000E-10     -0.3014  3.2318E+01
   19.4299    4.0000   11.8131   11.2544    4.5727    1.7038    4.0545    3.3825  1.0000E-10     -0.3014  3.1598E+01
   19.4502    4.0000   11.8131   11.2511    4.5748    1.7075    4.0532    3.3912  1.0000E-10     -0.3014  3.0755E+01
   19.4705    4.0000   11.8131   11.2479    4.5769    1.7123    4.0513    3.3999  1.0000E-10     -0.3014  2.9778E+01
   19.4907    4.0000   11.8131   11.2446    4.5789    1.7185    4.0487    3.4086  1.0000E-10     -0.3014  2.8661E+01
   19.5110    4.0000   11.8131   11.2412    4.5809    1.7263    4.0454    3.4172  1.0000E-10     -0.3014  2.7403E+01
   19.5313    4.0000   11.8131   11.2378    4.5829    1.7357    4.0412    3.4259  1.0000E-10     -0.3014  2.6007E+01
   19.5516    4.0000   11.8131   11.2342    4.5849    1.7469    4.0360    3.4346  1.0000E-10     -0.3014  2.4480E+01
   19.5719    4.0000   11.8131   11.2306    4.5868    1.7602    4.0299    3.4433  1.0000E-10     -0.3014  2.2838E+01
   19.5921    4.0000   11.8131   11.2269    4.5887    1.7755    4.0227    3.4520  1.0000E-10     -0.3014  2.1100E+01
   19.6124    4.0000   11.8131   11.2231    4.5906    1.7933    4.0143    3.4606  1.0000E-10     -0.3014  1.9289E+01
   19.6327    4.0000   11.8131   11.2191    4.5924    1.8134    4.0047    3.4693  1.0000E-10     -0.3014  1.7434E+01
   19.6530    4.0000   11.8131   11.2149    4.5943    1.8362    3.9937    3.4780  1.0000E-10     -0.3014  1.5565E+01
   19.6733    4.0000   11.8131   11.2105    4.5961    1.8618    3.9814    3.4867  1.0000E-10     -0.3014  1.3714E+01
   19.6936    4.0000   11.8131   11.2059    4.5979    1.8904    3.9675    3.4953  1.0000E-10     -0.3014  1.1914E+01
   19.7138    4.0000   11.8131   11.2010    4.5997    1.9221    3.9521    3.5040  1.0000E-10     -0.3014  1.0196E+01
   19.7341    4.0000   11.8131   11.1958    4.6014    1.9571    3.9351    3.5127  1.0000E-10     -0.3014  8.5862E+00
   19.7544    4.0000   11.8131   11.1902    4.6032    1.9955    3.9163    3.5214  1.0000E-10     -0.3014  7.1073E+00
   19.7742    4.0000   11.8131   11.1843    4.6048    2.0363    3.8963    3.5298  1.0000E-10     -0.3014  5.8087E+00
   19.7924    4.0000   11.8131   11.1784    4.6064    2.0773    3.8762    3.5377  1.0000E-10     -0.3014  4.7420E+00
   19.8094    4.0000   11.8131   11.1724    4.6078    2.1183    3.8561    3.5449  1.0000E-10     -0.3014  3.8658E+00
   19.8254    4.0000   11.8131   11.1663    4.6091    2.1594    3.8358    3.5518  1.0000E-10     -0.3014  3.1462E+00
   19.8405    4.0000   11.8131   11.1601    4.6103    2.2006    3.8155    3.5582  1.0000E-10     -0.3014  2.5559E+00
   19.8548    4.0000   11.8131   11.1537    4.6115    2.2419    3.7952    3.5644  1.0000E-10     -0.3014  2.0721E+00
   19.8683    4.0000   11.8131   11.1472    4.6126    2.2829    3.7750    3.5701  1.0000E-10     -0.3014  1.6803E+00
   19.8812    4.0000   11.8131   11.1405    4.6136    2.3239    3.7547    3.5756  1.0000E-10     -0.3014  1.3602E+00
   19.8935    4.0000   11.8131   11.1335    4.6146    2.3648    3.7345    3.5809  1.0000E-10     -0.3014  1.0989E+00
   19.9054    4.0000   11.8131   11.1263    4.6155    2.4059    3.7142    3.5860  1.0000E-10     -0.3014  8.8596E-01
   19.9168    4.0000   11.8131   11.1187    4.6164    2.4469    3.6939    3.5909  1.0000E-10     -0.3014  7.1262E-01
   19.9277    4.0000   11.8131   11.1108    4.6172    2.4879    3.6736    3.5956  1.0000E-10     -0.3014  5.7177E-01
   19.9384    4.0000   11.8131   11.1026    4.6181    2.5290    3.6533    3.6001  9.6974E-08     -0.3014  4.5745E-01
   19.9486    4.0000   11.8131   11.0940    4.6189    2.5701    3.6329    3.6045  4.6282E-03     -0.3014  3.3155E-01
   19.9586    4.0000   11.8131   11.0849    4.6196    2.6112    3.6126    3.6088  1.2272E-01     -0.3014  1.6849E-01
   19.9682    4.0000   11.8131   11.0754    4.6204    2.6523    3.5922    3.6129  9.4368E-01     -0.3014  6.7250E-02
   19.9777    4.0000   11.8131   11.0653    4.6211    2.6938    3.5716    3.6169  4.2943E+00     -0.3014  2.6526E-02
   19.9803    5.0000   11.8131   11.0623    4.6213    2.7055    3.5658    3.6181  6.1888E+00     -0.3014  2.0696E-02
   19.9833    5.0000   11.8131   11.0588    4.6323    2.7129    3.5649    3.6181  6.0796E+00     -0.3014  1.9906E-02
   19.9862    5.0000   11.8131   11.0552    4.6432    2.7203    3.5639    3.6181  5.9720E+00     -0.3014  1.9138E-02
   19.9891    5.0000   11.8131   11.0515    4.6542    2.7277    3.5630    3.6181  5.8659E+00     -0.3014  1.8392E-02
   19.9919    5.0000   11.8131   11.0477    4.6652    2.7351    3.5620    3.6181  5.7613E+00     -0.3014  1.7668E-02
   19.9947    5.0000   11.8131   11.0438    4.6761    2.7425    3.5610    3.6181  5.6582E+00     -0.3014  1.6965E-02
   19.9974    5.0000   11.8131   11.0398    4.6871    2.7499    3.5601    3.6181  5.5597E+00     -0.3014  1.6277E-02
   20.0001    5.0000   11.8131   11.0357    4.6981    2.7579    3.5588    3.6181  5.5553E+00     -0.3014  1.5433E-02
   20.0027    5.0000   11.8131   11.0314    4.7090    2.7659    3.5576    3.6181  5.5507E+00     -0.3014  1.4628E-02
   20.0052    5.0000   11.8131   11.0271    4.7200    2.7738    3.5564    3.6181  5.5460E+00     -0.3014  1.3858E-02
   20.0077    5.0000   11.8131   11.0227    4.7310    2.7818    3.5551    3.6181  5.5412E+00     -0.3014  1.3125E-02
   20.0102    5.0000   11.8131   11.0181    4.7419    2.7898    3.5539    3.6181  5.5363E+00     -0.3014  1.2426E-02
   20.0126    5.0000   11.8131   11.0135    4.7529    2.7977    3.5526    3.6181  5.5312E+00     -0.3014  1.1761E-02
   20.0149    5.0000   11.8131   11.0087    4.7639    2.8057    3.5514    3.6181  5.5261E+00     -0.3014  1.1128E-02
   20.0172    5.0000   11.8131   11.0038    4.7748    2.8137    3.5501    3.6181  5.5207E+00     -0.3014  1.0526E-02
   20.0195    5.0000   11.8131   10.9987    4.7858    2.8217    3.5489    3.6181  5.5153E+00     -0.3014  9.9545E-03
   20.0217    5.0000   11.8131   10.9935    4.7968    2.8297    3.5476    3.6181  5.5096E+00     -0.3014  9.4120E-03
   20.0239    5.0000   11.8131   10.9882    4.8077    2.8377    3.5464    3.6181  5.5039E+00     -0.3014  8.8975E-03
   20.0260    5.0000   11.8131   10.9828    4.8187    2.8457    3.5451    3.6181  5.4980E+00     -0.3014  8.4099E-03
   20.0281    5.0000   11.8131   10.9772    4.8297    2.8537    3.5439    3.6181  5.4919E+00     -0.3014  7.9482E-03
   20.0301    5.0000   11.8131   10.9714    4.8406    2.8617    3.5426    3.6181  5.4857E+00     -0.3014  7.5112E-03
   20.0321    5.0000   11.8131   10.9655    4.8516    2.8697    3.5413    3.6181  5.4793E+00     -0.3014  7.0978E-03
   20.0341    5.0000   11.8131   10.9595    4.8626    2.8777    3.5401    3.6181  5.4728E+00     -0.3014  6.7072E-03
   20.0360    5.0000   11.8131   10.9533    4.8735    2.8857    3.5388    3.6181  5.4661E+00     -0.3014  6.3381E-03
   20.0379    5.0000   11.8131   10.9469    4.8845    2.8937    3.5375    3.6181  5.4592E+00     -0.3014  5.9896E-03
   20.0398    5.0000   11.8131   10.9404    4.8955    2.9018    3.5363    3.6181  5.4521E+00     -0.3014  5.6608E-03
   20.0416    5.0000   11.8131   10.9336    4.9064    2.9098    3.5350    3.6181  5.4449E+00     -0.3014  5.3505E-03
   20.0433    5.0000   11.8131   10.9268    4.9174    2.9178    3.5337    3.6181  5.4374E+00     -0.3014  5.0580E-03
   20.0451    5.0000   11.8131   10.9197    4.9284    2.9259    3.5324    3.6181  5.4298E+00     -0.3014  4.7822E-03
   20.0468    5.0000   11.8131   10.9124    4.9393    2.9339    3.5311    3.6181  5.4220E+00     -0.3014  4.5224E-03
   20.0485    5.0000   11.8131   10.9050    4.9503    2.9420    3.5299    3.6181  5.4140E+00     -0.3014  4.2775E-03
   20.0501    5.0000   11.8131   10.8973    4.9613    2.9500    3.5286    3.6181  5.4057E+00     -0.3014  4.0469E-03
   20.0517    5.0000   11.8131   10.8895    4.9722    2.9581    3.5273    3.6181  5.3973E+00     -0.3014  3.8296E-03
   20.0533    5.0000   11.8131   10.8814    4.9832    2.9662    3.5260    3.6181  5.3886E+00     -0.3014  3.6250E-03
   20.0548    5.0000   11.8131   10.8732    4.9942    2.9742    3.5247    3.6181  5.3797E+00     -0.3014  3.4324E-03
   20.0563    5.0000   11.8131   10.8647    5.0051    2.9823    3.5234    3.6181  5.3706E+00     -0.3014  3.2509E-03
   20.0578    5.0000   11.8131   10.8560    5.0161    2.9904    3.5221    3.6181  5.3612E+00     -0.3014  3.0800E-03
   20.0592    5.0000   11.8131   10.8470    5.0271    2.9985    3.5208    3.6181  5.3516E+00     -0.3014  2.9191E-03
   20.0607    5.0000   11.8131   10.8379    5.0380    3.0066    3.5195    3.6181  5.3418E+00     -0.3014  2.7675E-03
   20.0620    5.0000   11.8131   10.8284    5.0490    3.0147    3.5182    3.6181  5.3317E+00     -0.3014  2.6246E-03
   20.0625   13.0000   11.8131    1.4629    0.4117   -4.8539    6.2931    1.4629  1.0000E-10     20.0625  2.0000E+08
   20.1625   13.0000   11.8131    1.4629    0.4117   -4.8539    6.2931    1.4629  1.0000E-10     20.0625  2.0000E+08
   21.1625   13.0000   11.8131    1.4629   -1.6711   -4.8539    5.7724    1.4629  1.0000E-10     20.0625  2.0000E+08
   31.1625   13.0000   11.8131    1.4629   -3.6789   -4.8539    5.2705    1.4629  1.0000E-10     20.0625  2.0000E+08
  131.1625   13.0000   11.8131    1.4629   -5.6797   -4.8539    4.7703    1.4629  1.0000E-10     20.0625  2.0000E+08
  631.1625   13.0000   11.8131    1.4629   -7.1605   -4.8539    4.4001    1.4629  1.0000E-10     20.0625  2.0000E+08
 1131.1625   13.0000   11.8131    1.4629   -7.6798   -4.8539    4.2703    1.4629  1.0000E-10     20.0625  2.0000E+08
 1631.1625   13.0000   11.8131    1.4629   -8.0025   -4.8539    4.1896    1.4629  1.0000E-10     20.0625  2.0000E+08
 2131.1624   13.0000   11.8131    1.4629   -8.2373   -4.8539    4.1309    1.4629  1.0000E-10     20.0625  2.0000E+08
 2631.1624   13.0000   11.8131    1.4629   -8.4219   -4.8539    4.0847    1.4629  1.0000E-10     20.0625  2.0000E+08
 3131.1624   13.0000   11.8131    1.4629   -8.5741   -4.8539    4.0467    1.4629  1.0000E-10     20.0625  2.0000E+08
 3631.1624   13.0000   11.8131    1.4629   -8.7036   -4.8539    4.0143    1.4629  1.0000E-10     20.0625  2.0000E+08
 4131.1626   13.0000   11.8131    1.4629   -8.8162   -4.8539    3.9862    1.4629  1.0000E-10     20.0625  2.0000E+08
 4631.1626   13.0000   11.8131    1.4629   -8.9159   -4.8539    3.9612    1.4629  1.0000E-10     20.0625  2.0000E+08
 5131.1626   13.0000   11.8131    1.4629   -9.0053   -4.8539    3.9389    1.4629  1.0000E-10     20.0625  2.0000E+08
 5631.1626   13.0000   11.8131    1.4629   -9.0864   -4.8539    3.9186    1.4629  1.0000E-10     20.0625  2.0000E+08
 6131.1626   13.0000   11.8131    1.4629   -9.1605   -4.8539    3.9001    1.4629  1.0000E-10     20.0625  2.0000E+08
 6631.1626   13.0000   11.8131    1.4629   -9.2288   -4.8539    3.8830    1.4629  1.0000E-10     20.0625  2.0000E+08
 7131.1626   13.0000   11.8131    1.4629   -9.2922   -4.8539    3.8672    1.4629  1.0000E-10     20.0625  2.0000E+08
 7631.1626   13.0000   11.8131    1.4629   -9.3512   -4.8539    3.8524    1.4629  1.0000E-10     20.0625  2.0000E+08
 8131.1626   13.0000   11.8131    1.4629   -9.4064   -4.8539    3.8386    1.4629  1.0000E-10     20.0625  2.0000E+08
 8631.1621   13.0000   11.8131    1.4629   -9.4584   -4.8539    3.8256    1.4629  1.0000E-10     20.0625  2.0000E+08
 9131.1621   13.0000   11.8131    1.4629   -9.5074   -4.8539    3.8133    1.4629  1.0000E-10     20.0625  2.0000E+08
 9631.1621   13.0000   11.8131    1.4629   -9.5538   -4.8539    3.8017    1.4629  1.0000E-10     20.0625  2.0000E+08
10131.1621   13.0000   11.8131    1.4629   -9.5979   -4.8539    3.7907    1.4629  1.0000E-10     20.0625  2.0000E+08
10631.1621   13.0000   11.8131    1.4629   -9.6398   -4.8539    3.7803    1.4629  1.0000E-10     20.0625  2.0000E+08
11131.1621   13.0000   11.8131    1.4629   -9.6798   -4.8539    3.7703    1.4629  1.0000E-10     20.0625  2.0000E+08
11631.1621   13.0000   11.8131    1.4629   -9.7180   -4.8539    3.7607    1.4629  1.0000E-10     20.0625  2.0000E+08
12000.0000   13.0000   11.8131    1.4629   -9.7452   -4.8539    3.7539    1.4629  1.0000E-10     20.0625  2.0000E+08